HEIGHT_LOG_BEGIN,count=400,fs=50
seq,time_us,tof_cm,height_cm,ekf_z_cm,ekf_vz_cm_s,acc_raw_cm_s2,acc_corrected_cm_s2,acc_lpf_cm_s2,acc_ekf_cm_s2,tof_diff_cm_s,innov_cm,throttle,target_vz_cm_s,tof_used,armed,final_height_cm,profile_height_cm,profile_vz_cm_s,position_correction_cm_s,profile_accel_cm_s2
0,84523628,7.3,7.27,7.27,0.00,-0.1,0.4,0.0,0.0,0.36,0.00,0.99,0.00,0,1,70.00,7.27,0.00,0.00,0.0
1,84543636,7.3,7.27,7.27,0.00,-0.9,-0.3,0.0,0.0,0.29,0.00,2.00,0.00,0,1,70.00,7.25,0.00,0.00,0.0
2,84563640,7.3,7.27,7.27,0.00,0.2,0.8,0.0,0.0,0.23,0.00,3.00,0.00,1,1,70.00,7.27,0.00,0.00,0.0
3,84583636,7.3,7.27,7.27,0.00,-13.0,-12.4,0.0,0.0,0.19,0.00,4.00,0.00,1,1,70.00,7.26,0.00,0.00,0.0
4,84603642,7.3,7.27,7.27,0.23,-0.3,0.2,0.0,0.0,0.15,0.00,5.00,0.00,1,1,70.00,7.27,0.00,0.00,0.0
5,84623644,7.1,7.07,7.22,-0.46,8.6,9.2,0.0,0.0,-1.87,-0.19,6.00,0.00,1,1,70.00,7.22,0.00,0.00,0.0
6,84643643,7.3,7.27,7.23,0.32,-2.2,-1.6,0.0,0.0,0.51,0.05,7.00,0.00,1,1,70.00,7.23,0.00,0.00,0.0
7,84663646,7.1,7.07,7.20,-0.33,0.9,1.5,0.0,0.0,-1.58,-0.15,8.00,0.00,1,1,70.00,7.20,0.00,0.00,0.0
8,84683647,7.3,7.27,7.21,0.29,4.1,4.7,0.0,0.0,0.73,0.06,9.00,0.00,1,1,70.00,7.21,0.00,0.00,0.0
9,84703647,7.1,7.07,7.20,-0.27,-8.4,-7.8,0.0,0.0,-1.41,-0.14,10.00,0.00,1,1,70.00,7.20,0.00,0.00,0.0
10,84723649,7.3,7.27,7.21,0.25,-16.8,-16.3,0.0,0.0,0.85,0.07,11.00,0.00,1,1,70.00,7.21,0.00,0.00,0.0
11,84743649,7.1,7.07,7.19,-0.24,19.9,20.5,0.0,0.0,-1.31,-0.13,12.00,0.00,1,1,70.00,7.19,0.00,0.00,0.0
12,84763652,7.3,7.27,7.20,0.22,-4.4,-3.8,0.0,0.0,0.96,0.08,13.00,0.00,1,1,70.00,7.20,0.00,0.00,0.0
13,84783652,7.1,7.07,7.19,-0.21,-28.8,-28.2,0.0,0.0,-1.22,-0.12,14.00,0.00,1,1,70.00,7.19,0.00,0.00,0.0
14,84803653,7.3,7.28,7.20,0.20,7.5,8.1,0.0,0.0,1.04,0.08,15.00,0.00,1,1,70.00,7.20,0.00,0.00,0.0
15,84823658,7.1,7.07,7.19,-0.19,-3.0,-2.4,0.0,0.0,-1.19,-0.12,16.00,0.00,1,1,70.00,7.19,0.00,0.00,0.0
16,84843657,7.3,7.27,7.19,0.17,5.9,6.5,0.0,0.0,1.01,0.08,17.00,0.00,1,1,70.00,7.19,0.00,0.00,0.0
17,84863658,7.1,7.07,7.19,-0.17,-1.0,-0.4,0.0,0.0,-1.17,-0.12,18.00,0.00,1,1,70.00,7.19,0.00,0.00,0.0
18,84883659,7.3,7.27,7.19,0.16,-8.8,-8.2,0.0,0.0,1.08,0.08,19.00,0.00,1,1,70.00,7.19,0.00,0.00,0.0
19,84903663,7.1,7.08,7.18,-0.15,-0.5,0.0,0.0,0.0,-1.07,-0.11,20.00,0.00,1,1,70.00,7.18,0.00,0.00,0.0
20,84923665,7.3,7.28,7.19,0.16,-3.3,-2.7,0.0,0.0,1.18,0.10,21.00,0.00,1,1,70.00,7.19,0.00,0.00,0.0
21,84943663,7.3,7.28,7.19,0.07,0.4,1.0,0.0,0.0,0.95,0.09,22.00,0.00,1,1,70.00,7.19,0.00,0.00,0.0
22,84963661,7.3,7.28,7.19,0.00,-0.3,0.2,0.0,0.0,0.75,0.09,23.00,0.00,1,1,70.00,7.22,0.00,0.00,0.0
23,84983664,7.1,7.08,7.19,-0.07,4.7,5.3,0.0,0.0,-1.43,-0.11,24.00,0.00,1,1,70.00,7.19,0.00,0.00,0.0
24,85003670,7.1,7.08,7.18,-0.03,9.0,9.6,0.0,0.0,-1.19,-0.11,25.00,0.00,1,1,70.00,7.18,0.00,0.00,0.0
25,85023671,7.3,7.27,7.19,0.17,-1.2,-0.6,0.0,0.0,1.00,0.08,26.00,0.00,1,1,70.00,7.19,0.00,0.00,0.0
26,85043673,7.1,7.07,7.18,-0.11,-2.9,-2.3,0.0,0.0,-1.22,-0.11,27.00,0.00,1,1,70.00,7.18,0.00,0.00,0.0
27,85063675,7.3,7.27,7.19,0.12,-3.4,-2.8,0.0,0.0,1.01,0.08,28.00,0.00,1,1,70.00,7.19,0.00,0.00,0.0
28,85083669,7.1,7.07,7.18,-0.11,-8.8,-8.3,0.0,0.0,-1.16,-0.11,29.00,0.00,1,1,70.00,7.18,0.00,0.00,0.0
29,85103673,7.3,7.27,7.19,0.12,-14.4,-13.8,0.0,0.0,1.09,0.09,30.00,0.00,1,1,70.00,7.19,0.00,0.00,0.0
30,85123675,7.1,7.08,7.18,-0.10,-0.3,0.2,0.0,0.0,-1.08,-0.10,30.40,0.00,1,1,70.00,7.18,0.00,0.00,0.0
31,85143676,7.3,7.28,7.18,0.11,-1.4,-0.9,0.0,0.0,1.16,0.09,30.37,0.00,1,1,70.00,7.18,0.00,0.00,0.0
32,85163675,7.1,7.08,7.18,-0.10,1.1,1.7,0.0,0.0,-1.06,-0.10,30.40,0.00,1,1,70.00,7.18,0.00,0.00,0.0
33,85183679,7.3,7.28,7.18,0.10,4.2,4.8,0.0,0.0,1.15,0.10,30.37,0.00,1,1,70.00,7.18,0.00,0.00,0.0
34,85203681,7.1,7.08,1.09,-0.10,30.40,0.00,1,1,70.00,7.18,0.00,0.00,0.0
35,85223680,7.3,7.28,7.18,0.09,7.4,8.0,0.0,0.0,1.11,0.09,30.37,0.00,1,1,70.00,7.18,0.00,0.00,0.0
36,85243679,7.1,7.08,7.18,-0.09,17.3,17.9,0.0,0.0,-1.13,-0.10,30.40,0.00,1,1,70.00,7.18,0.00,0.00,0.0
37,85263684,7.3,7.27,7.18,0.09,-0.2,0.3,0.0,0.0,1.07,0.09,30.37,0.00,1,1,70.00,7.18,0.00,0.00,0.0
38,85283686,7.1,7.07,7.18,-0.09,5.8,6.3,0.0,0.0,-1.14,-0.10,30.40,0.00,1,1,70.00,7.18,0.00,0.00,0.0
39,85303685,7.3,7.27,7.18,0.08,-7.4,-6.8,0.0,0.0,1.08,0.09,30.37,0.00,1,1,70.00,7.18,0.00,0.00,0.0
40,85323687,7.1,7.07,7.18,-0.08,14.6,15.2,0.0,0.0,-1.12,-0.10,30.40,0.00,1,1,70.00,7.18,0.00,0.00,0.0
41,85343689,7.3,7.28,7.18,0.08,-5.9,-5.3,0.0,0.0,1.11,0.09,30.37,0.00,1,1,70.00,7.18,0.00,0.00,0.0
42,85363689,7.1,7.08,7.18,-0.08,2.3,2.9,0.0,0.0,-1.09,-0.10,30.40,0.00,1,1,70.00,7.18,0.00,0.00,0.0
43,85383693,7.3,7.28,7.18,0.08,-21.1,-20.5,0.0,0.0,1.13,0.09,30.37,0.00,1,1,70.00,7.18,0.00,0.00,0.0
44,85403693,7.0,6.98,7.18,-0.13,5.1,5.7,0.0,0.0,-2.08,-0.20,30.41,0.00,1,1,70.00,7.18,0.00,0.00,0.0
45,85423691,7.3,7.28,7.18,0.10,-5.7,-5.1,0.0,0.0,1.33,0.10,30.37,0.00,1,1,70.00,7.18,0.00,0.00,0.0
46,85443696,7.0,6.98,7.18,-0.11,70.6,71.2,0.0,0.0,-1.94,-0.20,30.41,0.00,1,1,70.00,7.18,0.00,0.00,0.0
47,85463681,7.2,7.18,7.18,0.63,262.6,263.2,217.0,43.4,0.44,0.00,30.29,0.00,1,1,70.00,7.18,0.00,0.00,0.0
48,85483686,6.9,6.88,7.17,0.90,142.8,143.4,206.2,41.2,-2.65,-0.32,30.25,0.00,1,1,70.00,7.17,0.00,0.00,0.0
49,85503699,7.3,7.28,7.22,2.32,219.3,219.9,208.9,41.7,1.88,0.08,30.02,0.00,1,1,70.00,7.22,0.00,0.00,0.0
50,85523700,7.1,7.08,7.24,2.31,32.1,32.7,95.3,19.0,-0.48,-0.19,30.02,0.00,1,1,70.00,7.24,0.00,0.00,0.0
51,85543703,7.3,7.28,7.30,2.90,136.1,136.7,94.4,18.8,1.59,0.00,29.93,0.00,1,1,70.00,7.30,0.00,0.00,0.0
52,85563703,7.1,7.08,7.29,2.37,85.7,86.3,132.0,26.4,-0.71,-0.28,30.01,0.00,1,1,70.00,7.29,0.00,0.00,0.0
53,85583701,7.3,7.29,7.34,2.90,17.3,17.8,30.7,6.1,1.49,-0.05,29.93,0.00,1,1,70.00,7.34,0.00,0.00,0.0
54,85603706,7.1,7.10,7.32,2.05,48.9,49.5,68.9,13.7,-0.68,-0.30,30.06,0.00,1,1,70.00,7.32,0.00,0.00,0.0
55,85623704,7.4,7.41,7.41,3.07,27.1,27.6,37.1,7.4,2.54,0.04,29.90,0.00,1,1,70.00,7.41,0.00,0.00,0.0
56,85643707,7.2,7.21,7.39,2.19,-4.5,-3.9,11.4,2.2,0.05,-0.26,30.04,0.00,1,1,70.00,7.39,0.00,0.00,0.0
57,85663706,7.5,7.51,7.49,3.08,11.4,12.0,1.7,0.3,3.05,0.07,29.90,0.00,1,1,70.00,7.49,0.00,0.00,0.0
58,85683710,7.3,7.32,7.47,2.21,17.5,18.0,19.1,3.8,0.52,-0.23,30.04,0.00,1,1,70.00,7.47,0.00,0.00,0.0
59,85703710,7.6,7.63,7.58,3.23,3.9,4.5,13.5,2.7,3.50,0.10,29.88,0.00,1,1,70.00,7.58,0.00,0.00,0.0
60,85723714,7.5,7.53,7.61,2.78,4.6,5.2,0.0,0.0,1.82,-0.11,29.95,0.00,1,1,70.00,7.61,0.00,0.00,0.0
61,85743714,7.8,7.83,7.74,3.81,13.6,14.2,-3.4,-0.6,4.46,0.16,29.79,0.00,1,1,70.00,7.74,0.00,0.00,0.0
62,85763714,7.6,7.64,7.74,2.90,-20.4,-19.8,1.6,0.3,1.65,-0.18,29.93,0.00,1,1,70.00,7.74,0.00,0.00,0.0
63,85783718,8.0,8.04,7.91,4.37,90.4,91.0,70.1,14.0,5.39,0.24,29.70,0.00,1,1,70.00,7.91,0.00,0.00,0.0
64,85803718,7.8,7.85,7.93,3.57,-11.0,-10.4,3.0,0.6,2.34,-0.15,29.82,0.00,1,1,70.00,7.93,0.00,0.00,0.0
65,85823718,8.1,8.16,8.06,4.44,9.2,9.8,7.5,1.5,4.99,0.16,29.69,0.00,1,1,70.00,8.06,0.00,0.00,0.0
66,85843722,8.0,8.07,8.11,3.87,-29.7,-29.1,-9.3,-1.8,3.09,-0.08,29.78,0.00,1,1,70.00,8.11,0.00,0.00,0.0
67,85863724,8.3,8.38,8.27,4.82,17.0,17.6,6.7,1.3,5.62,0.19,29.63,0.00,1,1,70.00,8.27,0.00,0.00,0.0
68,85883722,8.1,8.20,8.28,3.86,183.6,184.1,77.4,15.4,2.64,-0.16,29.78,0.00,1,1,70.00,8.28,0.00,0.00,0.0
69,85903710,8.5,8.60,8.46,5.76,370.1,370.7,300.2,60.0,6.13,0.23,29.48,0.00,1,1,70.00,8.46,0.00,0.00,0.0
70,85923723,8.5,8.60,8.58,6.94,103.3,103.9,252.5,50.5,4.85,0.23,28.48,0.00,1,1,70.00,8.21,0.00,0.00,0.0
71,85943729,8.6,8.68,8.70,7.05,-9.1,-8.5,34.7,6.9,4.71,-0.05,29.28,0.00,1,1,70.00,8.70,0.00,0.00,0.0
72,85963724,8.6,8.68,8.84,7.07,-25.2,-24.6,-10.3,-2.0,3.80,-0.05,28.28,0.00,1,1,70.00,8.38,0.00,0.00,0.0
73,85983728,8.8,8.89,8.95,6.70,-10.0,-9.4,-9.0,-1.8,5.16,-0.09,29.28,0.00,1,1,70.00,8.95,0.00,0.00,0.0
74,86003725,8.8,8.90,9.08,6.85,189.6,190.2,107.7,21.5,4.19,-0.09,28.28,0.00,1,1,70.00,8.56,0.00,0.00,0.0
75,86023731,8.9,9.00,9.14,6.45,-21.9,-21.3,37.9,7.5,4.34,-0.22,29.28,0.00,1,1,70.00,9.14,0.00,0.00,0.0
76,86043731,8.9,9.00,9.27,6.41,-40.6,-40.0,-29.6,-5.9,3.47,-0.22,28.28,0.00,1,1,70.00,8.72,0.00,0.00,0.0
77,86063734,9.1,9.20,9.33,5.84,-23.5,-23.0,-32.5,-6.5,4.79,-0.19,29.28,0.00,1,1,70.00,9.33,0.00,0.00,0.0
78,86083728,9.1,9.20,9.45,5.75,2.8,3.4,-14.8,-2.9,3.84,-0.19,28.28,0.00,1,1,70.00,8.89,0.00,0.00,0.0
79,86103736,9.2,9.30,9.48,5.33,98.4,99.0,89.9,17.9,4.08,-0.26,29.28,0.00,1,1,70.00,9.48,0.00,0.00,0.0
80,86123733,9.2,9.30,9.59,5.67,3.8,4.4,57.6,11.5,3.23,-0.26,28.28,0.00,1,1,70.00,9.04,0.00,0.00,0.0
81,86143738,9.2,9.29,9.55,4.59,-30.4,-29.8,-25.4,-5.0,2.47,-0.41,29.28,0.00,1,1,70.00,9.55,0.00,0.00,0.0
82,86163742,8.9,8.99,9.36,1.84,-26.4,-25.8,-15.1,-3.0,-1.00,-0.65,30.10,0.00,1,1,70.00,9.36,0.00,0.00,0.0
83,86183729,9.2,9.29,9.42,2.43,153.8,154.4,63.3,12.6,2.18,-0.10,30.00,0.00,1,1,70.00,9.42,0.00,0.00,0.0
84,86203743,8.9,8.98,9.28,1.10,42.4,43.0,105.7,21.1,-1.34,-0.49,30.21,0.00,1,1,70.00,9.28,0.00,0.00,0.0
85,86223742,9.1,9.17,9.30,1.45,1.5,2.1,10.7,2.1,0.81,-0.14,30.16,0.00,1,1,70.00,9.30,0.00,0.00,0.0
86,86243745,8.9,8.96,9.21,0.34,-15.0,-14.4,2.1,0.4,-1.38,-0.36,30.33,0.00,1,1,70.00,9.21,0.00,0.00,0.0
87,86263748,9.1,9.16,9.25,0.92,21.3,21.8,13.6,2.7,0.90,-0.05,30.24,0.00,1,1,70.00,9.25,0.00,0.00,0.0
88,86283746,8.8,8.87,9.14,-0.41,19.3,19.9,14.9,2.9,-2.23,-0.39,30.45,0.00,1,1,70.00,9.14,0.00,0.00,0.0
89,86303748,9.0,9.07,9.15,0.17,21.5,22.1,13.4,2.6,0.27,-0.05,30.36,0.00,1,1,70.00,9.15,0.00,0.00,0.0
90,86323751,8.8,8.89,9.08,-0.50,5.7,6.3,22.5,4.5,-1.68,-0.27,30.47,0.00,1,1,70.00,9.08,0.00,0.00,0.0
91,86343751,9.0,9.10,9.12,0.33,5.7,6.3,6.2,1.2,0.77,0.02,30.33,0.00,1,1,70.00,9.12,0.00,0.00,0.0
92,86363753,8.7,8.81,9.02,-0.69,65.8,66.4,73.4,14.6,-2.26,-0.31,30.50,0.00,1,1,70.00,9.02,0.00,0.00,0.0
93,86383752,8.9,9.01,9.04,0.10,9.3,9.9,28.2,5.6,0.22,0.00,30.37,0.00,1,1,70.00,9.04,0.00,0.00,0.0
94,86403755,8.7,8.82,8.97,-0.60,13.2,13.8,14.8,2.9,-1.77,-0.22,30.48,0.00,1,1,70.00,8.97,0.00,0.00,0.0
95,86423744,9.0,9.12,9.05,0.77,172.3,172.8,90.7,18.1,1.59,0.15,30.27,0.00,1,1,70.00,9.05,0.00,0.00,0.0
96,86443759,8.8,8.91,9.01,0.64,61.3,61.9,132.6,26.5,-0.77,-0.15,30.29,0.00,1,1,70.00,9.01,0.00,0.00,0.0
97,86463758,9.0,9.11,9.07,1.47,7.2,7.8,27.4,5.4,1.31,0.08,30.16,0.00,1,1,70.00,9.07,0.00,0.00,0.0
98,86483762,8.8,8.90,9.02,0.57,0.3,0.9,15.7,3.1,-1.01,-0.19,30.30,0.00,1,1,70.00,9.02,0.00,0.00,0.0
99,86503761,8.9,9.00,9.03,0.66,74.4,74.9,21.1,4.2,0.14,-0.03,30.28,0.00,1,1,70.00,9.03,0.00,0.00,0.0
100,86523765,9.2,9.30,9.15,2.37,41.0,41.6,79.0,15.8,3.12,0.25,30.01,0.00,1,1,70.00,9.15,0.00,0.00,0.0
101,86543765,9.0,9.10,9.15,1.82,23.5,24.0,23.5,4.7,0.56,-0.09,30.10,0.00,1,1,70.00,9.15,0.00,0.00,0.0
102,86563765,9.4,9.51,9.32,3.48,3.6,4.1,16.1,3.2,4.53,0.32,29.84,0.00,1,1,70.00,9.32,0.00,0.00,0.0
103,86583768,9.2,9.32,9.34,2.79,8.1,8.7,5.0,1.0,1.72,-0.06,29.95,0.00,1,1,70.00,9.34,0.00,0.00,0.0
104,86603770,9.5,9.64,9.48,3.86,2.6,3.2,9.4,1.8,4.53,0.24,29.78,0.00,1,1,70.00,9.48,0.00,0.00,0.0
105,86623770,9.3,9.45,9.49,2.95,6.7,7.3,8.8,1.7,1.75,-0.10,29.92,0.00,1,1,70.00,9.49,0.00,0.00,0.0
106,86643769,9.7,9.86,9.67,4.37,-22.3,-21.7,-10.4,-2.0,5.52,0.30,29.70,0.00,1,1,70.00,9.67,0.00,0.00,0.0
107,86663771,9.5,9.67,9.70,3.46,0.1,0.7,-7.8,-1.5,2.50,-0.08,29.84,0.00,1,1,70.00,9.70,0.00,0.00,0.0
108,86683774,9.8,9.98,9.84,4.28,-26.9,-26.3,-22.1,-4.4,5.07,0.21,29.71,0.00,1,1,70.00,9.84,0.00,0.00,0.0
109,86703760,9.7,9.89,9.89,3.64,38.4,39.0,-4.2,-0.8,3.14,-0.03,29.81,0.00,1,1,70.00,9.89,0.00,0.00,0.0
110,86723778,10.0,10.20,10.05,4.91,136.7,137.3,128.4,25.6,5.61,0.22,30.01,3.00,1,1,70.00,10.11,2.99,0.02,0.0
111,86743775,9.8,10.00,10.07,4.07,-20.1,-19.6,26.8,5.3,2.57,-0.14,30.15,3.00,1,1,70.00,10.17,2.99,0.03,0.0
112,86763778,10.1,10.31,10.21,4.76,-12.9,-12.4,-11.5,-2.3,5.14,0.16,30.05,3.00,1,1,70.00,10.23,3.00,0.00,0.0
113,86783778,10.0,10.21,10.25,4.03,-3.3,-2.7,-7.5,-1.5,3.14,-0.08,30.17,3.00,1,1,70.00,10.29,3.00,0.01,0.0
114,86803782,10.3,10.51,10.40,4.85,-6.5,-6.0,1.4,0.2,5.47,0.17,30.05,2.98,1,1,70.00,10.35,3.00,-0.01,0.0
115,86823781,10.1,10.30,10.41,3.66,11.3,11.8,7.6,1.5,2.31,-0.19,30.25,2.99,1,1,70.00,10.41,3.00,0.00,0.0
116,86843785,10.5,10.70,10.57,5.05,209.1,209.6,160.8,32.1,5.76,0.21,30.04,2.96,1,1,70.00,10.47,2.99,-0.03,0.0
117,86863786,10.3,10.48,10.58,4.25,3.9,4.4,58.8,11.7,2.43,-0.19,30.18,2.98,1,1,70.00,10.53,3.00,-0.01,0.0
118,86883786,10.6,10.77,10.71,4.88,8.3,8.9,11.8,2.3,4.85,0.10,30.08,2.95,1,1,70.00,10.59,3.00,-0.04,0.0
119,86903787,10.5,10.67,10.75,4.14,5.5,6.1,12.1,2.4,2.88,-0.13,30.21,2.96,1,1,70.00,10.65,2.99,-0.03,0.0
120,86923788,10.8,10.97,10.89,5.12,137.5,138.1,112.8,22.5,5.32,0.14,30.06,2.93,1,1,70.00,10.71,3.00,-0.06,0.0
121,86943791,10.6,10.77,10.90,4.12,8.5,9.1,30.3,6.0,2.23,-0.22,30.23,2.95,1,1,70.00,10.77,3.00,-0.04,0.0
122,86963790,11.0,11.18,11.07,5.33,33.8,34.4,26.5,5.3,5.86,0.19,30.05,2.91,1,1,70.00,10.83,3.00,-0.08,0.0
123,86983793,10.8,10.98,11.09,4.30,-5.5,-4.9,8.6,1.7,2.72,-0.19,30.22,2.92,1,1,70.00,10.89,3.00,-0.07,0.0
124,87003794,11.2,11.38,11.26,5.47,18.4,19.0,14.4,2.8,6.15,0.20,30.04,2.88,1,1,70.00,10.95,3.00,-0.11,0.0
125,87023795,11.1,11.27,11.32,4.83,-17.3,-16.7,-2.8,-0.5,3.83,-0.10,30.15,2.88,1,1,70.00,11.01,3.00,-0.11,0.0
126,87043797,11.4,11.56,11.48,5.52,-38.8,-38.2,-20.5,-4.1,5.98,0.14,30.04,2.85,1,1,70.00,11.07,3.00,-0.14,0.0
127,87063786,11.3,11.45,11.52,4.70,135.7,136.3,53.3,10.6,3.72,-0.13,30.17,2.85,1,1,70.00,11.13,2.99,-0.14,0.0
128,87083796,11.6,11.75,11.67,5.90,122.8,123.4,177.1,35.4,5.91,0.12,29.98,2.82,1,1,70.00,11.19,2.99,-0.17,0.0
129,87103802,11.5,11.64,11.72,5.26,-26.3,-25.7,16.6,3.3,3.64,-0.15,30.09,2.82,1,1,70.00,11.25,2.99,-0.17,0.0
130,87123802,11.9,12.05,11.92,6.39,-8.3,-7.7,-9.0,-1.8,6.99,0.21,29.91,2.78,1,1,70.00,11.31,3.00,-0.21,0.0
131,87143803,11.7,11.86,11.96,5.29,147.7,148.3,51.2,10.2,3.75,-0.18,30.09,2.78,1,1,70.00,11.37,3.00,-0.21,0.0
132,87163805,12.1,12.27,12.15,6.87,174.3,174.9,200.4,40.0,7.06,0.19,29.84,2.74,1,1,70.00,11.43,3.00,-0.25,0.0
133,87183807,11.9,12.06,12.19,5.89,-34.6,-34.0,30.4,6.0,3.62,-0.22,30.00,2.74,1,1,70.00,11.49,3.00,-0.25,0.0
134,87203795,12.3,12.46,12.37,6.72,-15.3,-14.7,-18.4,-3.6,6.86,0.15,29.86,2.70,1,1,70.00,11.55,3.00,-0.29,0.0
135,87223795,12.2,12.36,12.44,6.03,98.5,99.1,86.8,17.3,4.50,-0.14,29.98,2.69,1,1,70.00,11.61,2.99,-0.30,0.0
136,87243808,12.5,12.66,12.60,6.98,199.9,200.5,170.2,34.0,6.56,0.09,29.82,2.66,1,1,70.00,11.67,3.00,-0.33,0.0
137,87263809,12.4,12.54,12.66,6.25,-31.9,-31.3,40.4,8.0,4.09,-0.20,29.94,2.66,1,1,70.00,11.73,3.00,-0.33,0.0
138,87283811,12.7,12.84,12.81,6.65,-7.6,-7.0,-11.8,-2.3,6.22,0.05,29.88,2.63,1,1,70.00,11.79,3.00,-0.36,0.0
139,87303810,12.6,12.74,12.86,5.65,-10.2,-9.6,-1.4,-0.2,4.01,-0.20,30.04,2.63,1,1,70.00,11.85,2.99,-0.36,0.0
140,87323814,12.9,13.04,13.02,6.19,-3.3,-2.7,-7.9,-1.5,6.23,0.06,30.51,3.00,1,1,70.00,11.91,3.40,-0.39,20.0
141,87343814,12.8,12.94,13.07,5.27,-4.2,-3.7,-2.0,-0.4,3.96,-0.20,30.72,3.41,1,1,70.00,11.99,3.80,-0.38,20.0
142,87363817,13.1,13.23,13.21,5.84,-8.1,-7.5,-7.8,-1.5,6.08,0.06,30.69,3.79,1,1,70.00,12.07,4.20,-0.40,19.9
143,87383818,13.0,13.12,13.25,4.91,-3.5,-2.9,-1.9,-0.3,3.77,-0.20,30.90,4.20,1,1,70.00,12.17,4.60,-0.39,19.9
144,87403803,13.3,13.41,13.39,5.49,0.0,0.6,-6.8,-1.3,5.87,0.05,30.87,4.59,1,1,70.00,12.27,4.99,-0.40,20.0
145,87423819,13.2,13.30,13.43,4.87,283.5,284.1,180.5,36.1,3.57,-0.20,31.04,5.02,1,1,70.00,12.37,5.40,-0.37,19.9
146,87443820,13.5,13.57,13.56,6.19,140.8,141.4,208.7,41.7,5.62,0.04,30.90,5.41,1,1,70.00,12.49,5.80,-0.38,19.9
147,87463823,13.3,13.35,13.55,5.22,219.2,219.8,201.2,40.2,2.28,-0.33,31.12,5.86,1,1,70.00,12.61,6.20,-0.33,19.9
148,87483819,13.3,13.34,13.66,5.72,-35.0,-34.4,39.2,7.8,1.67,-0.33,30.12,6.43,1,1,70.00,12.75,6.60,-0.16,20.0
149,87503824,13.6,13.64,13.72,5.11,-18.4,-17.8,-13.0,-2.6,4.39,-0.13,31.12,6.69,1,1,70.00,12.89,7.00,-0.30,20.0
150,87523822,13.6,13.66,13.82,5.03,-24.9,-24.3,-25.4,-5.0,3.66,-0.13,30.12,7.28,1,1,70.00,13.03,7.40,-0.11,20.0
151,87543827,13.7,13.79,13.88,4.62,100.6,101.2,28.0,5.6,4.30,-0.13,31.12,7.55,1,1,70.00,13.19,7.80,-0.24,19.9
152,87563823,13.7,13.80,13.98,5.13,167.3,167.9,179.5,35.9,3.50,-0.13,30.12,8.14,1,1,70.00,13.35,8.20,-0.05,20.0
153,87583830,13.8,13.89,14.01,4.86,-37.5,-36.9,14.2,2.8,3.69,-0.19,31.12,8.42,1,1,70.00,13.53,8.60,-0.17,19.9
154,87603826,13.8,13.89,14.11,4.82,59.4,60.0,9.4,1.8,2.98,-0.19,30.12,9.01,1,1,70.00,13.71,9.00,0.01,19.9
155,87623834,13.9,14.00,14.13,4.41,-1.8,-1.2,21.1,4.2,3.47,-0.20,31.12,9.31,1,1,70.00,13.89,9.40,-0.08,20.0
156,87643829,13.9,14.00,14.22,4.40,-41.4,-40.9,-21.0,-4.2,2.81,-0.20,30.12,9.91,1,1,70.00,14.09,9.80,0.11,19.9
157,87663835,14.0,14.11,14.25,3.90,-12.8,-12.2,-22.1,-4.4,3.27,-0.20,31.12,10.00,1,1,70.00,14.29,10.00,0.01,9.9
158,87683831,14.0,14.11,14.33,3.82,-34.0,-33.4,-25.2,-5.0,2.62,-0.20,30.12,10.00,1,1,70.00,14.49,10.00,0.21,0.0
159,87703837,14.2,14.30,14.39,3.75,-16.0,-15.4,-22.2,-4.4,4.07,-0.09,31.12,10.00,1,1,70.00,14.69,10.00,0.10,0.0
160,87723833,14.2,14.31,14.46,3.62,-33.5,-32.9,-35.3,-7.0,3.26,-0.09,30.12,10.00,1,1,70.00,14.89,10.00,0.30,0.0
161,87743838,14.2,14.31,14.47,3.08,-19.3,-18.7,-24.2,-4.8,2.67,-0.22,31.12,10.00,1,1,70.00,15.09,10.00,0.22,0.0
162,87763840,14.5,14.62,14.64,4.36,5.0,5.6,-16.7,-3.3,5.21,0.09,31.49,10.00,1,1,70.00,15.29,10.00,0.23,0.0
163,87783843,14.3,14.42,14.60,3.34,34.2,34.8,61.5,12.3,2.20,-0.30,31.67,10.00,1,1,70.00,15.49,10.00,0.31,0.0
164,87803843,14.5,14.62,14.68,3.69,-21.2,-20.6,-12.1,-2.4,3.76,-0.04,31.63,10.00,1,1,70.00,15.69,10.00,0.36,0.0
165,87823845,14.3,14.43,14.63,2.32,-10.0,-9.4,-13.0,-2.6,1.04,-0.33,31.86,10.00,1,1,70.00,15.89,9.99,0.45,0.0
166,87843847,14.5,14.62,14.69,2.62,14.2,14.8,8.3,1.6,2.82,-0.05,31.82,10.00,1,1,70.00,16.09,9.99,0.50,0.0
167,87863847,14.3,14.42,14.63,1.44,14.6,15.2,9.0,1.8,0.19,-0.32,32.03,10.00,1,1,70.00,16.29,10.00,0.59,0.0
168,87883847,14.5,14.61,14.67,1.82,5.0,5.6,3.8,0.7,2.05,-0.05,31.98,10.00,1,1,70.00,16.49,10.00,0.65,0.0
169,87903849,14.3,14.40,14.61,0.75,12.1,12.7,10.9,2.1,-0.42,-0.30,32.16,10.00,1,1,70.00,16.69,9.99,0.74,0.0
170,87923852,14.6,14.70,14.69,1.82,15.1,15.6,13.4,2.6,2.68,0.08,32.00,10.00,1,1,70.00,16.89,9.99,0.79,0.0
171,87943852,14.3,14.42,14.62,0.62,18.4,19.0,14.0,2.8,-0.72,-0.31,32.20,10.00,1,1,70.00,17.09,10.00,0.88,0.0
172,87963852,14.6,14.73,14.70,1.72,28.1,28.7,23.4,4.6,2.56,0.09,31.20,6.44,1,1,70.00,17.20,5.54,0.90,-20.0
173,87983854,14.4,14.54,14.67,1.05,19.4,20.0,17.6,3.5,0.14,-0.19,30.35,0.00,1,1,70.00,17.17,-1.57,0.89,-20.0
174,88003855,14.6,14.74,14.73,1.72,24.6,25.2,23.4,4.6,2.11,0.04,31.25,0.00,1,1,70.00,17.15,-1.17,0.86,20.0
175,88023858,14.5,14.62,14.72,1.24,-16.2,-15.6,2.9,0.5,0.53,-0.14,31.35,0.09,1,1,70.00,17.13,-0.77,0.86,19.9
176,88043859,14.7,14.80,14.78,1.77,-11.8,-11.2,-8.9,-1.7,2.19,0.05,31.32,0.47,1,1,70.00,17.12,-0.37,0.84,20.0
177,88063844,14.9,14.98,14.89,2.67,-10.1,-9.5,-11.7,-2.3,3.57,0.16,31.24,0.83,1,1,70.00,17.12,0.02,0.80,20.0
178,88083856,14.9,14.98,14.94,2.79,18.3,18.9,39.9,7.9,2.79,0.16,30.24,1.28,1,1,70.00,17.13,0.42,0.85,19.9
179,88103859,15.1,15.17,15.06,3.45,23.9,24.5,3.9,0.7,4.18,0.17,31.23,1.58,1,1,70.00,17.15,0.82,0.75,20.0
180,88123863,14.9,14.98,15.03,2.27,-6.4,-5.8,9.4,1.8,1.40,-0.15,31.48,1.99,1,1,70.00,17.17,1.22,0.77,19.9
181,88143863,15.2,15.29,15.16,3.23,51.1,51.7,16.0,3.2,4.21,0.20,31.39,2.36,1,1,70.00,17.21,1.62,0.73,19.9
182,88163867,15.1,15.19,15.20,2.84,-11.2,-10.6,8.8,1.7,2.45,-0.03,31.51,2.76,1,1,70.00,17.25,2.02,0.73,19.9
183,88183870,15.4,15.50,15.35,4.01,17.4,18.0,26.4,5.2,5.04,0.24,31.38,3.12,1,1,70.00,17.30,2.42,0.70,20.0
184,88203868,15.2,15.31,15.36,3.06,-20.0,-19.4,-5.4,-1.0,2.11,-0.11,31.60,3.54,1,1,70.00,17.35,2.82,0.71,20.0
185,88223868,15.5,15.61,15.49,3.89,-5.6,-5.0,-10.0,-2.0,4.73,0.19,31.53,3.92,1,1,70.00,17.42,3.22,0.69,19.9
186,88243873,15.3,15.42,15.49,2.81,-8.1,-7.5,-5.7,-1.1,1.79,-0.15,31.77,4.34,1,1,70.00,17.49,3.62,0.71,20.0
187,88263870,15.7,15.81,15.65,4.10,-6.4,-5.9,-6.7,-1.3,5.40,0.26,31.62,4.71,1,1,70.00,17.57,4.02,0.68,19.9
188,88283875,15.5,15.61,15.67,3.12,-16.6,-16.0,-14.3,-2.8,2.29,-0.12,31.84,5.14,1,1,70.00,17.66,4.42,0.71,20.0
189,88303875,15.7,15.81,15.76,3.41,-13.4,-12.8,-13.7,-2.7,3.82,0.07,31.86,5.54,1,1,70.00,17.76,4.82,0.71,20.0
190,88323876,15.6,15.71,15.77,2.64,-32.7,-32.1,-26.8,-5.3,2.06,-0.11,32.05,5.98,1,1,70.00,17.86,5.22,0.75,20.0
191,88343876,15.9,16.01,15.90,3.54,-33.4,-32.8,-27.0,-5.4,4.66,0.18,31.97,6.37,1,1,70.00,17.97,5.62,0.74,19.9
192,88363877,15.7,15.81,15.90,2.49,-11.9,-11.3,-19.4,-3.8,1.75,-0.16,32.21,6.81,1,1,70.00,18.09,6.02,0.78,19.9
193,88383881,16.0,16.12,16.02,3.38,-9.7,-9.1,-11.1,-2.2,4.48,0.16,32.13,7.22,1,1,70.00,18.22,6.42,0.79,20.0
194,88403879,15.8,15.92,16.02,2.40,17.3,17.8,6.8,1.3,1.62,-0.16,32.36,7.67,1,1,70.00,18.36,6.82,0.84,20.0
195,88423883,16.0,16.12,16.09,2.89,146.5,147.1,68.4,13.6,3.30,0.05,32.35,8.09,1,1,70.00,18.50,7.22,0.86,19.9
196,88443884,15.9,16.02,16.10,2.58,88.7,89.2,120.0,24.0,1.55,-0.14,31.35,5.56,1,1,70.00,18.60,4.66,0.89,-20.0
197,88463884,16.2,16.30,16.22,3.69,3.8,4.3,31.3,6.2,4.11,0.15,31.96,5.96,1,1,70.00,18.70,5.06,0.89,19.9
198,88483886,16.0,16.09,16.21,2.63,-6.6,-6.0,0.9,0.1,1.21,-0.19,30.96,1.29,1,1,70.00,18.71,0.39,0.89,-20.0
199,88503889,16.3,16.39,16.32,3.41,-23.1,-22.5,-12.0,-2.4,3.91,0.13,31.45,1.66,1,1,70.00,18.72,0.79,0.86,20.0
200,88523889,16.2,16.29,16.35,2.80,-19.6,-19.1,-22.4,-4.4,2.14,-0.09,31.61,2.06,1,1,70.00,18.75,1.19,0.86,19.9
201,88543886,16.5,16.59,16.48,3.80,73.2,73.8,13.6,2.7,4.74,0.19,31.51,2.42,1,1,70.00,18.78,1.59,0.82,19.9
202,88563891,16.3,16.39,16.48,3.20,262.7,263.3,198.6,39.7,1.79,-0.16,31.67,2.83,1,1,70.00,18.82,1.99,0.84,19.9
203,88583892,16.6,16.68,16.60,4.54,6.4,7.0,110.9,22.1,4.33,0.12,31.51,3.21,1,1,70.00,18.87,2.39,0.81,19.9
204,88603893,16.4,16.49,16.60,3.42,-25.5,-24.9,-8.6,-1.7,1.50,-0.20,31.76,3.63,1,1,70.00,18.92,2.79,0.83,20.0
205,88623896,16.7,16.80,16.73,4.16,-18.1,-17.5,-16.5,-3.3,4.37,0.13,31.70,4.00,1,1,70.00,18.99,3.19,0.81,20.0
206,88643894,16.5,16.62,16.73,3.09,9.9,10.5,7.4,1.4,1.64,-0.19,31.94,4.43,1,1,70.00,19.06,3.59,0.83,19.9
207,88663899,16.9,17.02,16.89,4.40,-9.9,-9.3,-5.3,-1.0,5.34,0.22,31.79,4.80,1,1,70.00,19.14,3.99,0.80,19.9
208,88683901,16.6,16.71,16.87,2.89,-7.1,-6.5,-6.9,-1.3,1.19,-0.26,32.10,5.24,1,1,70.00,19.23,4.39,0.84,20.0
209,88703899,16.9,17.00,16.97,3.47,-26.7,-26.1,-14.5,-2.9,3.85,0.07,32.07,5.64,1,1,70.00,19.32,4.79,0.84,20.0
210,88723902,16.7,16.80,16.95,2.26,-14.3,-13.8,-20.9,-4.1,1.05,-0.23,32.34,6.09,1,1,70.00,19.43,5.19,0.89,20.0
211,88743904,17.0,17.11,17.05,3.11,-8.8,-8.2,-8.4,-1.6,3.91,0.11,32.27,6.49,1,1,70.00,19.54,5.59,0.89,19.9
212,88763903,16.9,17.02,17.08,2.67,0.9,1.5,-2.4,-0.4,2.24,-0.09,31.27,3.11,1,1,70.00,19.58,2.21,0.89,-20.0
213,88783905,17.1,17.23,17.18,3.31,-4.7,-4.1,-2.3,-0.4,3.92,0.09,31.85,3.50,1,1,70.00,19.63,2.61,0.88,19.9
214,88803907,17.0,17.14,17.21,2.77,-9.9,-9.3,-4.4,-0.8,2.25,-0.10,32.01,3.91,1,1,70.00,19.69,3.01,0.89,20.0
215,88823906,17.2,17.35,17.30,3.29,-13.0,-12.4,-6.1,-1.2,3.84,0.08,31.98,4.30,1,1,70.00,19.76,3.41,0.88,19.9
216,88843908,17.0,17.14,17.28,2.13,19.8,20.4,7.3,1.4,1.01,-0.22,30.98,1.56,1,1,70.00,19.78,0.66,0.89,-20.0
217,88863895,17.3,17.43,17.38,3.13,197.5,198.1,126.2,25.2,3.72,0.11,31.71,1.93,1,1,70.00,19.80,1.06,0.87,20.0
218,88883909,17.2,17.33,17.39,3.17,71.3,71.9,162.6,32.5,1.91,-0.12,31.77,2.34,1,1,70.00,19.83,1.46,0.87,19.9
219,88903913,17.4,17.53,17.49,3.95,76.0,76.5,87.9,17.5,3.58,0.06,31.70,2.72,1,1,70.00,19.86,1.86,0.85,19.9
220,88923912,17.2,17.35,17.48,2.95,-17.8,-17.2,4.3,0.8,1.10,-0.21,31.93,3.14,1,1,70.00,19.91,2.26,0.87,19.9
221,88943915,17.4,17.60,17.58,3.43,-2.0,-1.4,-5.3,-1.0,3.33,0.06,31.92,3.52,1,1,70.00,19.96,2.66,0.85,20.0
222,88963915,17.2,17.43,17.56,2.41,-5.4,-4.8,-4.8,-0.9,0.96,-0.21,32.15,3.95,1,1,70.00,20.02,3.06,0.88,19.9
223,88983915,17.4,17.64,17.64,2.84,-1.5,-0.9,8.3,1.6,2.83,0.02,32.14,4.35,1,1,70.00,20.09,3.46,0.88,20.0
224,89003917,17.2,17.42,17.59,1.67,-5.3,-4.7,-2.4,-0.4,0.15,-0.26,31.14,0.93,1,1,70.00,20.09,0.03,0.89,-20.0
225,89023918,17.4,17.60,17.64,1.92,-24.7,-24.1,-16.9,-3.3,1.92,-0.02,31.91,1.31,1,1,70.00,20.10,0.43,0.88,19.9
226,89043922,17.2,17.38,17.58,0.61,-61.9,-61.3,-49.3,-9.8,-0.69,-0.29,30.96,0.00,1,1,70.00,20.08,-1.31,0.89,-20.0
227,89063924,17.5,17.66,17.65,1.36,-48.4,-47.8,-46.7,-9.3,2.27,0.07,31.84,0.00,1,1,70.00,20.06,-0.91,0.86,19.9
228,89083922,17.2,17.36,17.57,-0.07,-30.6,-30.0,-39.0,-7.8,-1.20,-0.31,32.14,0.37,1,1,70.00,20.05,-0.51,0.89,19.9
229,89103920,17.2,17.37,17.56,-0.21,-43.9,-43.3,-36.6,-7.3,-0.91,-0.31,31.14,0.00,1,1,70.00,19.94,-5.37,0.89,-20.0
230,89123926,17.2,17.39,17.51,-0.74,-2.0,-1.4,-14.7,-2.9,-0.54,-0.17,32.14,0.00,1,1,70.00,19.84,-4.97,0.83,19.9
231,89143923,17.2,17.39,17.49,-0.74,-0.9,-0.3,1.5,0.3,-0.37,-0.17,31.14,0.00,1,1,70.00,19.75,-4.57,0.83,20.0
232,89163928,17.1,17.29,17.43,-1.12,4.0,4.6,-1.4,-0.2,-1.32,-0.18,32.14,0.00,1,1,70.00,19.67,-4.17,0.80,20.0
233,89183923,17.1,17.28,17.40,-1.17,54.1,54.7,-0.1,0.0,-1.15,-0.18,31.14,0.00,1,1,70.00,19.59,-3.77,0.79,19.9
234,89203931,17.0,17.16,17.31,-1.44,-6.6,-6.0,38.7,7.7,-2.16,-0.22,32.14,0.00,1,1,70.00,19.52,-3.37,0.79,20.0
235,89223928,17.0,17.14,17.29,-1.45,-38.6,-38.1,-23.6,-4.7,-1.84,-0.22,31.14,0.00,1,1,70.00,19.46,-2.97,0.78,19.9
236,89243935,17.0,17.13,17.23,-1.58,-5.7,-5.1,-19.2,-3.8,-1.59,-0.12,32.14,0.00,1,1,70.00,19.41,-2.57,0.78,19.9
237,89263929,17.0,17.14,17.20,-1.64,-10.7,-10.2,-11.9,-2.3,-1.22,-0.12,31.14,0.00,1,1,70.00,19.37,-2.17,0.76,19.9
238,89283935,16.9,17.05,17.15,-1.71,3.2,3.8,1.5,0.3,-1.83,-0.11,32.14,0.00,1,1,70.00,19.33,-1.77,0.78,19.9
239,89303931,16.9,17.06,17.11,-1.69,54.5,55.1,20.0,4.0,-1.41,-0.11,31.14,0.00,1,1,70.00,19.30,-1.37,0.76,20.0
240,89323939,16.7,16.86,17.01,-2.03,23.3,23.9,30.7,6.1,-3.09,-0.21,32.14,0.00,1,1,70.00,19.28,-0.97,0.81,19.9
241,89343936,16.7,16.86,16.97,-1.96,5.7,6.3,11.8,2.3,-2.48,-0.21,31.14,0.21,1,1,70.00,19.27,-0.57,0.79,20.0
242,89363942,16.6,16.74,16.88,-2.23,2.6,3.2,10.9,2.1,-3.15,-0.18,32.14,0.68,1,1,70.00,19.27,-0.17,0.86,20.0
243,89383940,16.8,16.92,16.93,-1.00,-4.9,-4.3,-4.0,-0.8,-0.74,0.08,32.53,1.06,1,1,70.00,19.27,0.22,0.84,19.9
244,89403944,16.5,16.60,16.78,-2.32,-0.2,0.3,-4.2,-0.8,-3.82,-0.31,32.42,1.21,1,1,70.00,19.28,0.31,0.89,4.5
245,89423944,16.7,16.78,16.79,-1.54,15.8,16.4,8.3,1.6,-1.24,0.04,32.48,1.40,1,1,70.00,19.29,0.50,0.89,9.7
246,89443944,16.4,16.47,16.65,-2.66,48.4,48.9,35.4,7.0,-4.09,-0.29,31.69,0.00,1,1,70.00,19.15,-7.20,0.89,-20.0
247,89463948,16.7,16.77,16.70,-1.16,20.6,21.2,33.1,6.6,-0.30,0.17,32.46,0.00,1,1,70.00,19.01,-6.80,0.83,20.0
248,89483947,16.4,16.47,16.59,-1.98,32.8,33.4,31.4,6.2,-3.22,-0.20,32.60,0.00,1,1,70.00,18.88,-6.40,0.82,20.0
249,89503950,16.6,16.67,16.62,-1.02,18.4,19.0,25.2,5.0,-0.58,0.11,32.45,0.00,1,1,70.00,18.76,-6.00,0.77,19.9
250,89523949,16.3,16.36,16.50,-2.08,25.8,26.4,25.3,5.0,-3.56,-0.24,32.64,0.00,1,1,70.00,18.65,-5.60,0.77,19.9
251,89543954,16.6,16.64,16.55,-0.80,34.1,34.7,36.4,7.2,-0.06,0.17,32.44,0.00,1,1,70.00,18.55,-5.20,0.71,20.0
252,89563954,16.4,16.41,16.48,-1.31,36.0,36.6,35.7,7.1,-2.31,-0.12,32.53,0.00,1,1,70.00,18.45,-4.80,0.70,20.0
253,89583956,16.7,16.69,16.56,0.06,36.0,36.6,35.1,7.0,0.89,0.22,32.32,0.00,1,1,70.00,18.36,-4.40,0.65,20.0
254,89603957,16.5,16.46,16.51,-0.50,5.3,5.9,16.6,3.3,-1.51,-0.09,32.42,0.00,1,1,70.00,18.28,-4.00,0.63,20.0
255,89623957,16.8,16.75,16.60,0.74,0.5,1.0,7.7,1.5,1.63,0.24,32.23,0.00,1,1,70.00,18.21,-3.60,0.58,19.9
256,89643960,16.6,16.55,16.57,0.15,31.1,31.7,23.1,4.6,-0.71,-0.06,32.33,0.00,1,1,70.00,18.14,-3.20,0.56,19.9
257,89663958,17.0,16.95,16.72,1.99,22.9,23.5,23.6,4.7,3.46,0.37,32.04,0.00,1,1,70.00,18.09,-2.80,0.49,20.0
258,89683962,17.1,17.06,16.85,3.08,28.7,29.3,29.1,5.8,3.87,0.30,31.87,0.00,1,1,70.00,18.04,-2.40,0.42,20.0
259,89703956,17.1,17.07,16.91,3.21,31.8,32.4,32.9,6.5,3.17,0.30,30.87,0.00,1,1,70.00,18.00,-2.00,0.42,19.9
260,89723963,17.4,17.37,17.09,4.25,24.3,24.9,32.7,6.5,5.55,0.39,31.70,0.00,1,1,70.00,17.97,-1.60,0.31,20.0
261,89743963,17.3,17.25,17.14,3.54,-4.0,-3.4,9.5,1.9,3.28,0.07,31.82,0.00,1,1,70.00,17.94,-1.20,0.29,19.9
262,89763969,17.6,17.53,17.30,4.34,-27.7,-27.1,-17.2,-3.4,5.38,0.32,31.70,0.00,1,1,70.00,17.93,-0.80,0.22,20.0
263,89783968,17.5,17.41,17.34,3.67,205.2,205.8,112.3,22.4,3.08,0.02,31.82,0.00,1,1,70.00,17.92,-0.40,0.20,20.0
264,89803968,17.9,17.78,17.53,5.36,1.2,1.7,76.0,15.2,6.26,0.36,31.57,0.13,1,1,70.00,17.92,0.00,0.13,19.9
265,89823969,17.9,17.78,17.65,5.30,-17.3,-16.7,-11.2,-2.2,4.99,0.14,31.64,0.49,1,1,70.00,17.93,0.39,0.09,19.9
266,89843968,18.2,18.10,17.86,6.33,28.8,29.3,10.2,2.0,7.20,0.34,31.52,0.82,1,1,70.00,17.94,0.79,0.02,19.9
267,89863971,18.0,17.93,17.92,5.37,21.2,21.8,45.2,9.0,4.03,-0.05,31.74,1.20,1,1,70.00,17.97,1.19,0.01,20.0
268,89883975,18.4,18.36,18.13,6.64,10.7,11.3,13.8,2.7,7.53,0.33,31.59,1.54,1,1,70.00,18.00,1.59,-0.04,20.0
269,89903974,18.2,18.18,18.19,5.55,-4.8,-4.2,-0.4,0.0,4.23,-0.08,31.83,1.93,1,1,70.00,18.04,1.99,-0.05,20.0
270,89923978,18.6,18.59,18.40,6.60,-23.8,-23.2,-10.8,-2.1,7.48,0.28,31.71,2.27,1,1,70.00,18.09,2.39,-0.11,19.9
271,89943977,18.4,18.39,18.44,5.26,-30.8,-30.2,-24.4,-4.8,3.93,-0.14,32.00,2.68,1,1,70.00,18.14,2.79,-0.10,19.9
272,89963977,18.7,18.68,18.59,5.62,-37.5,-36.9,-29.7,-5.9,6.04,0.12,32.00,3.05,1,1,70.00,18.21,3.19,-0.13,19.9
273,89983978,18.6,18.57,18.64,4.59,-32.2,-31.7,-35.7,-7.1,3.74,-0.13,32.24,3.46,1,1,70.00,18.28,3.59,-0.12,19.9
274,90003979,19.0,18.97,18.82,5.68,-22.8,-22.2,-26.2,-5.2,6.99,0.24,32.11,3.82,1,1,70.00,18.36,3.99,-0.16,19.9
275,90023980,18.8,18.78,18.86,4.57,-16.0,-15.4,-17.6,-3.5,3.73,-0.15,32.36,4.24,1,1,70.00,18.45,4.39,-0.14,19.9
276,90043983,19.0,19.00,18.97,4.79,-4.6,-4.0,-9.6,-1.9,5.19,0.05,32.39,4.63,1,1,70.00,18.54,4.79,-0.15,20.0
277,90063986,19.0,19.02,19.05,4.47,-6.3,-5.7,-7.8,-1.5,4.31,-0.05,32.51,5.04,1,1,70.00,18.65,5.19,-0.14,19.9
278,90083988,19.2,19.23,19.17,4.93,0.0,0.5,-2.5,-0.5,5.52,0.09,32.50,5.44,1,1,70.00,18.76,5.59,-0.14,20.0
279,90103986,19.1,19.12,19.21,4.11,20.6,21.2,2.3,0.4,3.39,-0.14,32.71,5.87,1,1,70.00,18.88,5.99,-0.11,19.9
280,90123990,19.3,19.31,19.30,4.39,1.6,2.2,15.0,3.0,4.59,0.02,32.73,6.28,1,1,70.00,19.00,6.39,-0.10,20.0
281,90143990,19.2,19.19,19.32,3.46,-3.6,-3.0,-1.9,-0.3,2.51,-0.19,32.95,6.72,1,1,70.00,19.14,6.79,-0.06,19.9
282,90163992,19.5,19.49,19.44,4.22,13.9,14.5,5.2,1.0,4.95,0.10,32.89,7.13,1,1,70.00,19.28,7.19,-0.05,20.0
283,90183989,19.3,19.29,19.43,3.07,7.2,7.8,-5.1,-1.0,1.96,-0.23,33.16,7.59,1,1,70.00,19.44,7.59,0.00,20.0
284,90203995,19.6,19.59,19.55,3.88,25.9,26.5,18.1,3.6,4.57,0.09,33.09,8.00,1,1,70.00,19.60,7.99,0.01,20.0
285,90223993,19.5,19.49,19.58,3.34,20.3,20.9,22.8,4.5,2.66,-0.13,33.25,8.45,1,1,70.00,19.76,8.39,0.06,20.0
286,90243996,19.7,19.68,19.67,3.82,26.4,27.0,21.7,4.3,4.07,0.04,33.24,8.88,1,1,70.00,19.94,8.79,0.09,19.9
287,90263999,19.7,19.67,19.72,3.59,16.2,16.8,19.7,3.9,3.13,-0.07,33.35,9.33,1,1,70.00,20.12,9.19,0.14,19.9
288,90283997,20.0,19.95,19.86,4.57,20.4,21.0,19.4,3.8,5.31,0.15,33.26,9.75,1,1,70.00,20.32,9.59,0.16,20.0
289,90303997,19.8,19.73,19.86,3.39,-5.1,-4.5,6.4,1.2,2.00,-0.22,33.50,10.00,1,1,70.00,20.52,9.99,0.23,19.9
290,90324001,20.3,20.20,20.05,4.97,10.6,11.2,5.0,1.0,6.37,0.27,32.76,10.00,1,1,70.00,20.72,9.99,0.24,0.3
291,90344003,20.2,20.09,20.11,4.52,5.9,6.5,7.4,1.4,3.97,-0.05,32.83,10.00,1,1,70.00,20.92,9.99,0.28,0.0
292,90364004,20.5,20.39,20.28,5.43,35.7,36.3,20.8,4.1,6.17,0.18,32.69,10.00,1,1,70.00,21.12,10.00,0.30,0.0
293,90384005,20.4,20.31,20.34,4.89,25.4,26.0,30.8,6.1,4.10,-0.07,32.79,10.00,1,1,70.00,21.32,9.99,0.35,0.0
294,90404006,20.8,20.73,20.55,6.38,32.1,32.6,32.3,6.4,7.54,0.29,32.55,10.00,1,1,70.00,21.52,10.00,0.34,0.0
295,90424007,20.7,20.66,20.65,5.95,3.9,4.5,17.5,3.5,5.26,-0.02,32.63,10.00,1,1,70.00,21.72,10.00,0.38,0.0
296,90444008,21.1,21.07,20.87,7.22,-9.0,-8.4,-8.0,-1.6,8.32,0.30,32.43,10.00,1,1,70.00,21.92,9.99,0.37,0.0
297,90464009,21.0,20.97,20.97,6.56,202.5,203.1,99.3,19.8,5.65,-0.05,32.55,10.00,1,1,70.00,22.12,10.00,0.41,0.0
298,90484009,21.4,21.34,21.18,7.86,-4.6,-4.0,60.7,12.1,8.28,0.23,32.34,10.00,1,1,70.00,22.32,10.00,0.40,0.0
299,90504014,21.4,21.31,21.30,7.28,-14.7,-14.1,-6.0,-1.2,6.32,-0.02,32.45,10.00,1,1,70.00,22.52,9.99,0.43,0.0
300,90524013,21.8,21.69,21.53,8.18,-30.9,-30.3,-21.1,-4.2,8.87,0.24,32.31,10.00,1,1,70.00,22.72,9.99,0.42,0.0
301,90544014,21.8,21.69,21.67,7.63,-8.0,-7.4,-17.9,-3.5,7.06,0.00,32.41,10.00,1,1,70.00,22.92,9.99,0.44,0.0
302,90564015,22.1,22.00,21.88,8.22,-4.2,-3.6,-7.9,-1.5,8.77,0.18,32.32,10.00,1,1,70.00,23.12,10.00,0.44,0.0
303,90584017,22.1,22.02,22.01,7.70,-3.6,-3.0,-9.7,-1.9,7.21,-0.01,32.42,10.00,1,1,70.00,23.32,10.00,0.46,0.0
304,90604017,22.5,22.44,22.26,8.81,-3.4,-2.9,0.5,0.1,9.92,0.27,32.24,10.00,1,1,70.00,23.52,9.99,0.45,0.0
305,90624020,22.4,22.34,22.38,7.87,-9.1,-8.5,-6.6,-1.3,6.97,-0.09,32.42,10.00,1,1,70.00,23.72,9.99,0.48,0.0
306,90644020,22.8,22.73,22.60,8.66,-19.0,-18.4,-11.9,-2.3,9.48,0.19,32.30,10.00,1,1,70.00,23.92,10.00,0.47,0.0
307,90664022,22.7,22.61,22.69,7.46,-19.8,-19.2,-17.8,-3.5,6.40,-0.16,32.52,10.00,1,1,70.00,24.12,10.00,0.51,0.0
308,90684023,23.1,23.00,22.90,8.10,-45.1,-44.5,-36.0,-7.2,8.93,0.15,32.42,10.00,1,1,70.00,24.32,9.99,0.50,0.0
309,90704026,23.1,22.98,23.02,7.36,-42.6,-42.0,-40.9,-8.1,6.99,-0.08,32.57,10.00,1,1,70.00,24.52,10.00,0.53,0.0
310,90724021,23.1,22.98,23.17,7.22,-19.5,-18.9,-29.2,-5.8,5.56,-0.08,32.00,10.00,1,1,70.00,24.72,10.00,0.78,0.0
311,90744025,23.3,23.19,23.27,6.69,-18.0,-17.4,-16.5,-3.3,6.56,-0.12,32.71,10.00,1,1,70.00,24.92,10.00,0.59,0.0
312,90764025,23.3,23.20,23.40,6.64,2.7,3.3,-4.0,-0.8,5.37,-0.12,32.19,10.00,1,1,70.00,25.12,9.99,0.84,0.0
313,90784031,23.5,23.43,23.50,6.36,-6.8,-6.2,-10.2,-2.0,6.56,-0.10,32.79,10.00,1,1,70.00,25.32,9.99,0.65,0.0
314,90804026,23.5,23.43,23.63,6.34,-7.9,-7.4,-5.1,-1.0,5.29,-0.10,31.81,10.00,1,1,70.00,25.51,9.63,0.89,-18.4
315,90824031,23.7,23.61,23.71,5.99,-14.4,-13.8,-13.1,-2.6,6.05,-0.14,32.81,10.00,1,1,70.00,25.71,10.00,0.71,18.4
316,90844028,23.7,23.60,23.83,5.90,-45.4,-44.8,-37.1,-7.4,4.67,-0.14,31.81,1.63,1,1,70.00,25.72,0.73,0.89,-20.0
317,90864036,23.9,23.75,23.89,5.35,-39.9,-39.3,-39.2,-7.8,5.31,-0.19,32.32,1.80,1,1,70.00,25.75,1.13,0.66,20.0
318,90884032,23.9,23.74,24.00,5.19,-47.0,-46.4,-42.6,-8.5,4.11,-0.19,32.20,2.38,1,1,70.00,25.78,1.53,0.85,19.9
319,90904037,24.1,23.93,24.05,4.82,-17.9,-17.3,-29.6,-5.9,5.13,-0.17,32.54,2.56,1,1,70.00,25.82,1.93,0.63,20.0
320,90924032,24.1,23.93,24.15,4.70,-35.4,-34.8,-32.8,-6.5,4.10,-0.17,32.53,3.14,1,1,70.00,25.86,2.33,0.81,19.9
321,90944039,24.3,24.13,24.23,4.62,-21.9,-21.3,-23.8,-4.7,5.37,-0.10,32.70,3.34,1,1,70.00,25.92,2.73,0.60,19.9
322,90964037,24.3,24.14,24.32,4.55,0.2,0.8,-7.6,-1.5,4.35,-0.10,32.82,3.92,1,1,70.00,25.98,3.13,0.78,20.0
323,90984041,24.3,24.15,24.33,3.99,6.4,7.0,5.6,1.1,3.54,-0.26,32.95,4.15,1,1,70.00,26.05,3.53,0.62,20.0
324,91004043,24.5,24.34,24.43,4.52,5.2,5.8,5.4,1.0,4.79,-0.06,32.92,4.54,1,1,70.00,26.13,3.93,0.61,20.0
325,91024044,24.4,24.23,24.42,3.56,2.1,2.7,4.9,0.9,2.72,-0.29,33.16,4.98,1,1,70.00,26.22,4.33,0.64,19.9
326,91044047,24.5,24.32,24.45,3.32,-0.6,0.0,3.6,0.7,3.04,-0.16,33.28,5.40,1,1,70.00,26.31,4.73,0.67,20.0
327,91064047,24.4,24.21,24.41,2.29,11.0,11.6,-1.8,-0.3,1.36,-0.30,33.53,5.85,1,1,70.00,26.41,5.13,0.72,19.9
328,91084048,24.6,24.41,24.48,2.72,0.7,1.3,0.7,0.1,3.08,-0.04,33.53,6.27,1,1,70.00,26.52,5.53,0.73,20.0
329,91104048,24.4,24.21,24.42,1.63,31.9,32.5,23.3,4.6,0.51,-0.31,33.80,6.73,1,1,70.00,26.64,5.93,0.79,19.9
330,91124051,24.6,24.43,24.48,2.20,17.8,18.4,21.4,4.2,2.53,-0.03,33.77,7.15,1,1,70.00,26.77,6.33,0.82,19.9
331,91144053,24.4,24.24,24.43,1.27,21.4,22.0,19.3,3.8,0.15,-0.28,34.01,7.62,1,1,70.00,26.90,6.73,0.88,19.9
332,91164054,24.6,24.44,24.49,1.86,21.8,22.4,21.6,4.3,2.17,-0.01,33.01,4.99,1,1,70.00,26.99,4.09,0.89,-20.0
333,91184054,24.5,24.34,24.47,1.41,27.8,28.4,19.1,3.8,0.73,-0.17,32.01,0.21,1,1,70.00,26.97,-0.68,0.89,-20.0
334,91204058,24.7,24.53,24.54,2.10,13.9,14.5,21.4,4.2,2.49,0.03,32.86,0.59,1,1,70.00,26.97,-0.28,0.87,20.0
335,91224059,24.6,24.42,24.53,1.55,-13.1,-12.5,-1.8,-0.3,0.81,-0.16,33.03,0.99,1,1,70.00,26.97,0.11,0.87,19.9
336,91244059,24.9,24.70,24.63,2.55,-20.4,-19.8,-18.0,-3.6,3.46,0.13,32.92,1.36,1,1,70.00,26.98,0.51,0.84,19.9
337,91264062,24.7,24.49,24.61,1.58,-7.2,-6.6,-10.4,-2.0,0.67,-0.19,33.16,1.77,1,1,70.00,27.00,0.91,0.85,19.9
338,91284059,25.0,24.79,24.71,2.55,-7.8,-7.2,-5.6,-1.1,3.51,0.14,33.05,2.15,1,1,70.00,27.02,1.31,0.83,19.9
339,91304063,25.1,24.89,24.82,3.15,-18.5,-17.9,-12.9,-2.5,3.84,0.12,33.01,2.52,1,1,70.00,27.06,1.71,0.80,19.9
340,91324061,25.1,24.89,24.88,3.10,-4.6,-4.0,-7.1,-1.4,3.09,0.12,32.82,3.00,1,1,70.00,27.10,2.11,0.88,19.9
341,91344066,25.2,24.99,24.96,3.31,-5.5,-4.9,-4.3,-0.8,3.51,0.05,33.11,3.30,1,1,70.00,27.15,2.51,0.78,19.9
342,91364066,25.1,24.90,24.96,2.46,-23.1,-22.5,-12.1,-2.4,1.83,-0.13,33.33,3.72,1,1,70.00,27.21,2.91,0.80,19.9
343,91384069,25.3,25.09,25.05,2.92,-11.6,-11.0,-13.0,-2.6,3.44,0.08,33.32,4.12,1,1,70.00,27.28,3.31,0.80,19.9
344,91404068,25.2,24.99,25.06,2.24,-1.9,-1.3,-3.4,-0.6,1.72,-0.11,33.51,4.54,1,1,70.00,27.35,3.71,0.82,20.0
345,91424071,25.4,25.19,25.14,2.77,1.9,2.5,-0.9,-0.1,3.35,0.08,33.49,4.94,1,1,70.00,27.43,4.11,0.82,20.0
346,91444072,25.3,25.09,25.15,2.20,8.3,8.9,12.6,2.5,1.65,-0.11,33.66,5.37,1,1,70.00,27.52,4.51,0.85,19.9
347,91464071,25.5,25.28,25.24,2.77,-5.8,-5.2,0.4,0.0,3.29,0.08,33.63,5.77,1,1,70.00,27.62,4.91,0.85,19.9
348,91484074,25.3,25.09,25.21,1.69,8.5,9.1,3.2,0.6,0.65,-0.20,32.74,5.14,1,1,70.00,27.71,4.24,0.89,-20.0
349,91504075,25.5,25.29,25.27,2.20,47.7,48.3,29.6,5.9,2.58,0.05,32.52,4.21,1,1,70.00,27.77,3.31,0.89,-20.0
350,91524077,25.4,25.20,25.27,1.77,-1.2,-0.6,13.5,2.7,1.14,-0.11,32.13,0.94,1,1,70.00,27.77,0.04,0.89,-20.0
351,91544076,25.7,25.51,25.40,2.93,-8.0,-7.4,-5.3,-1.0,3.99,0.19,32.98,1.30,1,1,70.00,27.78,0.44,0.85,20.0
352,91564081,25.5,25.31,25.39,2.07,1.8,2.4,-8.4,-1.6,1.25,-0.14,33.21,1.71,1,1,70.00,27.80,0.84,0.86,20.0
353,91584077,25.8,25.62,25.51,3.07,-8.0,-7.4,-2.7,-0.5,4.04,0.18,33.09,2.08,1,1,70.00,27.82,1.24,0.83,19.9
354,91604081,25.5,25.32,25.46,1.64,-9.6,-9.0,-5.7,-1.1,0.26,-0.25,33.42,2.50,1,1,70.00,27.86,1.64,0.86,20.0
355,91624081,25.8,25.62,25.56,2.43,-2.3,-1.7,-4.7,-0.9,3.22,0.12,33.34,2.89,1,1,70.00,27.90,2.04,0.84,20.0
356,91644087,25.6,25.42,25.53,1.50,10.7,11.3,4.5,0.9,0.59,-0.18,33.58,3.31,1,1,70.00,27.95,2.44,0.86,20.0
357,91664086,25.9,25.73,25.64,2.54,7.1,7.7,7.5,1.5,3.50,0.16,33.46,3.69,1,1,70.00,28.00,2.84,0.85,20.0
358,91684085,25.7,25.53,25.62,1.74,12.1,12.7,12.1,2.4,0.87,-0.15,33.68,4.12,1,1,70.00,28.07,3.24,0.88,19.9
359,91704090,26.0,25.85,25.74,2.87,51.5,52.1,34.7,6.9,3.83,0.18,33.55,4.51,1,1,70.00,28.14,3.64,0.86,20.0
360,91724090,25.8,25.66,25.74,2.18,19.2,19.7,28.3,5.6,1.23,-0.13,33.74,4.94,1,1,70.00,28.22,4.04,0.89,19.9
361,91744091,26.0,25.88,25.82,2.82,17.6,18.2,17.5,3.5,3.17,0.10,33.70,5.34,1,1,70.00,28.31,4.44,0.89,19.9
362,91764092,25.9,25.80,25.84,2.39,28.9,29.5,18.6,3.7,1.72,-0.08,32.70,2.51,1,1,70.00,28.34,1.61,0.89,-20.0
363,91784094,26.1,26.01,25.94,3.10,1.7,2.3,16.7,3.3,3.50,0.12,33.31,2.88,1,1,70.00,28.38,2.01,0.87,20.0
364,91804093,26.0,25.92,25.96,2.57,-6.7,-6.1,-4.6,-0.9,1.88,-0.08,33.47,3.29,1,1,70.00,28.43,2.41,0.88,19.9
365,91824096,26.2,26.13,26.06,3.15,1.8,2.4,-3.0,-0.6,3.61,0.11,33.43,3.68,1,1,70.00,28.49,2.81,0.87,20.0
366,91844094,26.1,26.04,26.09,2.60,-15.1,-14.6,-11.6,-2.3,2.02,-0.08,33.60,4.09,1,1,70.00,28.55,3.21,0.88,20.0
367,91864097,26.3,26.26,26.19,3.19,1.5,2.1,-3.4,-0.6,3.76,0.12,33.57,4.48,1,1,70.00,28.62,3.61,0.87,20.0
368,91884084,26.2,26.17,26.21,2.68,12.0,12.5,8.4,1.6,2.13,-0.07,33.73,4.90,1,1,70.00,28.71,4.00,0.89,19.9
369,91904099,26.4,26.38,26.31,3.43,76.1,76.7,86.8,17.3,3.76,0.10,33.66,5.30,1,1,70.00,28.79,4.41,0.89,19.9
370,91924100,26.3,26.27,26.33,2.92,-11.1,-10.5,15.5,3.1,1.95,-0.10,32.66,2.67,1,1,70.00,28.83,1.77,0.89,-20.0
371,91944101,26.6,26.57,26.46,3.86,10.9,11.5,6.2,1.2,4.53,0.18,33.27,3.04,1,1,70.00,28.87,2.17,0.86,19.9
372,91964101,26.5,26.47,26.50,3.33,-16.1,-15.5,-4.5,-0.9,2.62,-0.06,33.44,3.44,1,1,70.00,28.92,2.57,0.87,19.9
373,91984105,26.8,26.77,26.64,4.26,-12.1,-11.6,-10.6,-2.1,5.10,0.20,33.34,3.81,1,1,70.00,28.98,2.97,0.84,20.0
374,92004104,26.6,26.57,26.65,3.18,-8.7,-8.1,-8.3,-1.6,2.10,-0.15,33.60,4.23,1,1,70.00,29.05,3.37,0.86,20.0
375,92024105,26.9,26.88,26.78,3.98,-2.1,-1.6,-8.1,-1.6,4.76,0.16,33.52,4.62,1,1,70.00,29.13,3.77,0.84,19.9
376,92044109,26.8,26.79,26.82,3.43,5.1,5.7,-2.9,-0.5,2.93,-0.07,33.69,5.03,1,1,70.00,29.21,4.17,0.85,20.0
377,92064107,27.0,27.00,26.94,3.98,15.8,16.4,14.2,2.8,4.46,0.11,33.66,5.42,1,1,70.00,29.30,4.57,0.85,20.0
378,92084109,26.9,26.91,26.97,3.38,25.5,26.1,24.9,4.9,2.64,-0.10,33.84,5.85,1,1,70.00,29.40,4.97,0.87,19.9
379,92104112,27.2,27.21,27.11,4.36,3.5,4.0,13.1,2.6,5.11,0.17,33.74,6.24,1,1,70.00,29.51,5.37,0.86,20.0
380,92124112,27.1,27.11,27.15,3.76,10.6,11.2,10.1,2.0,3.03,-0.08,33.92,6.66,1,1,70.00,29.62,5.77,0.89,20.0
381,92144115,27.4,27.40,27.29,4.66,12.9,13.5,12.0,2.4,5.37,0.17,33.83,7.06,1,1,70.00,29.75,6.17,0.88,19.9
382,92164117,27.2,27.20,27.30,3.55,7.8,8.4,13.9,2.7,2.29,-0.18,32.83,3.40,1,1,70.00,29.80,2.50,0.89,-20.0
383,92184119,27.6,27.60,27.47,4.81,19.9,20.5,14.1,2.8,5.85,0.23,33.33,3.76,1,1,70.00,29.86,2.90,0.86,20.0
384,92204121,27.5,27.51,27.53,4.38,9.1,9.6,12.4,2.4,3.77,-0.05,33.47,4.16,1,1,70.00,29.92,3.30,0.86,19.9
385,92224118,27.8,27.82,27.69,5.34,13.0,13.6,14.2,2.8,6.11,0.20,33.37,4.53,1,1,70.00,30.00,3.70,0.82,19.9
386,92244121,27.7,27.73,27.75,4.73,11.3,11.9,11.7,2.3,3.96,-0.07,33.55,4.93,1,1,70.00,30.08,4.10,0.83,20.0
387,92264124,28.1,28.13,27.96,6.05,1.7,2.3,5.0,1.0,7.20,0.28,33.37,5.29,1,1,70.00,30.17,4.50,0.79,20.0
388,92284122,28.1,28.14,28.08,5.96,-4.0,-3.4,1.3,0.2,5.81,0.05,33.46,5.68,1,1,70.00,30.27,4.90,0.78,20.0
389,92304119,28.1,28.14,28.20,5.99,35.3,35.9,21.8,4.3,4.68,0.05,32.46,0.78,1,1,70.00,30.26,-0.11,0.89,-20.0
390,92324127,28.3,28.34,28.31,5.91,-4.2,-3.6,8.0,1.6,5.80,0.02,32.78,0.99,1,1,70.00,30.27,0.28,0.70,19.9
391,92344123,28.3,28.35,28.43,5.91,-12.5,-11.9,-6.5,-1.3,4.66,0.02,32.37,1.51,1,1,70.00,30.28,0.68,0.83,19.9
392,92364130,28.6,28.65,28.57,6.03,-4.6,-4.0,-9.2,-1.8,6.73,0.09,32.89,1.71,1,1,70.00,30.30,1.08,0.62,20.0
393,92384123,28.6,28.65,28.69,6.00,-18.0,-17.4,-12.2,-2.4,5.38,0.09,32.56,2.24,1,1,70.00,30.33,1.48,0.76,19.9
394,92404130,28.9,28.95,28.85,6.21,-17.5,-16.9,-16.8,-3.3,7.30,0.13,32.99,2.43,1,1,70.00,30.37,1.88,0.54,20.0
395,92424126,28.9,28.94,28.98,6.14,-13.3,-12.8,-13.8,-2.7,5.83,0.13,32.83,2.98,1,1,70.00,30.42,2.28,0.69,19.9
396,92444135,29.1,29.14,29.10,6.05,-9.2,-8.6,-9.6,-1.9,6.62,0.04,33.15,3.18,1,1,70.00,30.47,2.68,0.49,20.0
397,92464130,29.1,29.14,29.22,6.01,-10.6,-10.0,-8.3,-1.6,5.26,0.04,33.04,3.74,1,1,70.00,30.53,3.08,0.65,20.0
398,92484136,29.4,29.42,29.37,6.12,-11.5,-10.9,-10.1,-2.0,7.07,0.08,33.27,3.93,1,1,70.00,30.60,3.48,0.44,20.0
399,92504133,29.4,29.42,29.49,6.08,-16.7,-16.1,-10.7,-2.1,5.57,0.08,33.25,4.50,1,1,70.00,30.68,3.88,0.61,20.0
HEIGHT_LOG_END
