HEIGHT_LOG_BEGIN,count=205,fs=50
seq,time_us,tof_cm,height_cm,ekf_z_cm,ekf_vz_cm_s,acc_raw_cm_s2,acc_corrected_cm_s2,acc_lpf_cm_s2,acc_ekf_cm_s2,tof_diff_cm_s,innov_cm,throttle,target_vz_cm_s,tof_used,armed
0,36134459,7.4,7.36,7.44,0.01,-0.9,-0.1,0.0,0.0,1.84,-0.08
,0.91,0.05,1,1
1,36160470,7.1,7.06,7.43,-0.04,0.0,0.7,0.0,0.0,-0.83,-0.38,1.82,0.11,1,1
2,36186474,7.1,7.06,7.43,-0.02,0.5,1.3,0.0,0.0,-0.66,-0.37,2.73,0.17,1,1
3,36212474,7.3,7.26,7.43,0.04,-1.8,-1.1,0.0,0.0,1.00,-0.17,3.64,0.22,1,1

4,36238476,7.1,7.05,7.42,-0.03,5.6,6.3,0.0,0.0,-0.73,-0.37,4.55,0.28,1,1
5,36264478,7.4,7.35,7.42,0.06,6.0,6.7,0.0,0.0,1.71,-0.06,5.46,0.34,1,1
6,36290479,7.3,7.25,7.42,0.00,0.1,0.8,0.0,0.0,0.60,-0.16,6.37,0.39,1,1
7,36316481,7.1,7.06,7.42,-0.05,46.4,47.1,0.0,0.0,-1.04,-0.3
6,7.28,0.45,1,1

8,36342482,7.3,7.26,7.41,0.02,-0.9,-0.2,0.0,0.0,0.69,-0.16,8.19,0.51,1,1
9,36368482,7.4,7.35,7.41,0.04,-12.1,-11.4,0.0,0.0,1.30,-0.06,9.10,0.56,1,1
10,36394482,7.1,7.05,7.41,-0.05,0.3,1.0,0.0,0.0,-1.27,-0.36,10.01,0.62,1,1
11,36420490,7.3,7.25,7.41,0.02,2.1,
2.8,0.0,0.0,0.51,-0.15,10.92,0.68,1,1

12,36446491,7.4,7.35,7.41,0.03,5.5,6.2,0.0,0.0,1.18,-0.05,11.83,0.73,1,1
13,36472493,7.1,7.05,7.41,-0.05,4.3,5.0,0.0,0.0,-1.35,-0.35,12.74,0.79,1,1
14,36498496,7.3,7.25,7.40,0.01,5.2,5.9,0.0,0.0,0.44,-0.15,13.65,0.85,1,1
15,36524493,7.3,7.25,7.40,0.01,7.1,7.9
,0.0,0.0,0.36,-0.15,14.56,0.91,1,1

16,36550495,7.1,7.05,7.40,-0.04,-2.8,-2.1,0.0,0.0,-1.25,-0.35,15.47,0.96,1,1
17,36576493,7.3,7.25,7.40,0.02,0.4,1.1,0.0,0.0,0.52,-0.15,16.38,1.02,1,1
18,36602496,7.4,7.35,7.40,0.03,-1.7,-0.9,0.0,0.0,1.18,-0.04,17.29,1.08,1,1
19,36628498,7.1,7.05,7.39,-0.05,0.2,0.9,
0.0,0.0,-1.35,-0.34,18.20,1.13,1,1

20,36654501,7.3,7.25,7.39,0.01,1.9,2.6,0.0,0.0,0.45,-0.14,19.11,1.19,1,1
21,36680507,7.3,7.25,7.39,0.00,4.6,5.3,0.0,0.0,0.34,-0.14,20.02,1.25,1,1
22,36706507,7.1,7.04,7.39,-0.04,7.4,8.1,0.0,0.0,-1.28,-0.34,20.93,1.30,1,1
23,36732509,7.4,7.34,7.39,0.04,-4.8,-4.0,0
.0,0.0,1.26,-0.04,21.84,1.36,1,1

24,36758508,7.3,7.25,7.39,0.00,-10.2,-9.4,0.0,0.0,0.26,-0.14,22.75,1.42,1,1
25,36784509,7.1,7.05,7.38,-0.04,-5.5,-4.7,0.0,0.0,-1.31,-0.34,23.66,1.47,1,1
26,36810512,7.4,7.35,7.38,0.04,-0.7,0.0,0.0,0.0,1.25,-0.03,24.57,1.53,1,1
27,36836511,7.1,7.05,7.38,-0.04,5.0
,5.7,0.0,0.0,-1.28,-0.33,25.48,1.59,1,1

28,36862511,7.2,7.15,7.38,0.00,3.6,4.3,0.0,0.0,-0.28,-0.23,26.39,1.64,1,1
29,36888514,7.4,7.35,7.38,0.04,1.5,2.3,0.0,0.0,1.31,-0.03,27.30,1.70,1,1
30,36914519,7.1,7.05,7.38,-0.03,-8.6,-7.9,0.0,0.0,-1.25,-0.33,28.21,1.76,1,1
31,36940521,7.1,7.04,7.37,-0.02,-1.0,-0.3
,0.0,0.0,-1.01,-0.33,29.12,1.81,1,1

32,36966525,7.3,7.24,7.37,0.02,10.5,11.2,0.0,0.0,0.72,-0.12,30.03,1.87,1,1
33,36992528,7.1,7.05,7.37,-0.02,0.2,0.9,0.0,0.0,-0.94,-0.32,30.94,1.93,1,1
34,37018526,7.1,7.05,7.37,-0.01,1.9,2.6,0.0,0.0,-0.73,-0.32,31.85,1.98,1,1
35,37044527,7.3,7.25,7.37,0.03,-11.2,-10
.4,0.0,0.0,0.94,-0.12,32.54,2.04,1,1

36,37070524,7.1,7.05,7.36,-0.02,-8.8,-8.1,0.0,0.0,-0.78,-0.32,32.56,2.10,1,1
37,37096528,7.1,7.05,7.36,-0.01,-5.4,-4.6,0.0,0.0,-0.64,-0.31,32.58,2.16,1,1
38,37122527,7.3,7.25,7.36,0.03,2.2,2.9,0.0,0.0,1.02,-0.11,32.60,2.21,1,1
39,37148531,7.1,7.04,7.36,-0.02,8.0
,8.7,0.0,0.0,-0.72,-0.31,32.62,2.27,1,1

40,37174534,7.1,7.05,7.36,-0.01,-0.6,0.0,0.0,0.0,-0.57,-0.31,32.64,2.33,1,1
41,37200537,7.3,7.25,7.36,0.03,-3.9,-3.2,0.0,0.0,1.07,-0.11,32.66,2.38,1,1
42,37226540,7.1,7.05,7.35,-0.01,-14.1,-13.4,0.0,0.0,-0.67,-0.31,32.68,2.44,1,1
43,37252542,7.1,7.05,7.35,
-0.01,-11.3,-10.6,0.0,0.0,-0.53,-0.30,32.70,2.50,1,1

44,37278541,7.3,7.25,7.35,0.02,-14.2,-13.4,0.0,0.0,1.11,-0.10,32.72,2.55,1,1
45,37304540,7.1,7.05,7.35,-0.01,-8.3,-7.6,0.0,0.0,-0.64,-0.30,32.74,2.61,1,1
46,37330542,7.4,7.35,7.35,0.04,-8.8,-8.0,0.0,0.0,1.79,0.00,32.75,2.67,1,1
47,37356546,7.4,7.35,7.35,0.02
,2.9,3.6,0.0,0.0,1.42,0.00,32.78,2.72,1,1

48,37382545,7.1,7.04,7.34,-0.09,-15.2,-14.5,2.3,0.4,-1.18,-0.30,32.81,2.78,1,1
49,37408550,7.4,7.35,7.34,0.08,2.8,3.5,-9.7,-1.9,1.38,0.00,32.81,2.84,1,1
50,37434554,7.4,7.35,7.35,0.23,-2.2,-1.5,-4.8,-0.9,1.11,0.00,32.81,2.89,1,1
51,37460552,7.1,7.05,7.31,-0.3
5,26.4,27.2,27.2,5.4,-1.43,-0.31,32.91,2.96,1,1

52,37486557,7.4,7.35,7.33,0.24,24.2,24.9,21.2,4.2,1.16,0.04,32.85,3.01,1,1
53,37512556,7.4,7.34,7.35,0.55,24.5,25.2,19.5,3.9,0.90,0.00,32.83,3.06,1,1
54,37538559,7.3,7.24,7.33,0.40,44.4,45.1,42.9,8.5,-0.07,-0.12,32.87,3.12,1,1
55,37564557,7.6,7.53,7.41,1.
39,59.0,59.7,59.3,11.8,2.17,0.18,32.75,3.15,1,1

56,37590558,7.8,7.71,7.53,2.43,51.4,52.2,50.2,10.0,3.13,0.26,32.61,3.16,1,1
57,37616560,7.7,7.60,7.58,2.42,48.4,49.1,55.8,11.1,1.63,0.00,32.63,3.20,1,1
58,37642562,8.2,8.09,7.78,4.08,148.4,149.2,103.1,20.6,5.13,0.45,32.40,3.18,1,1
59,37668568,8.6,8.50,8.
07,6.17,63.0,63.7,88.6,17.7,7.23,0.60,32.11,3.14,1,1

60,37694568,8.5,8.42,8.25,6.28,36.4,37.2,48.3,9.6,5.13,0.17,32.09,3.13,1,1
61,37720571,9.1,9.02,8.58,7.95,53.7,54.4,57.5,11.5,8.75,0.60,31.85,3.06,1,1
62,37746572,9.6,9.51,8.99,9.85,138.6,139.4,108.3,21.6,10.73,0.71,31.57,2.98,1,1
63,37772570,9.7,9.59,9.29,10.49,246.7
,247.4,178.8,35.7,9.21,0.33,31.46,2.92,1,1

64,37798558,10.2,10.07,9.68,11.90,30.6,31.3,93.4,18.6,11.10,0.49,31.25,2.84,1,1
65,37824571,10.9,10.77,10.20,13.93,176.8,177.5,142.0,28.4,14.24,0.77,30.94,2.71,1,1
66,37850573,11.0,10.88,10.59,14.17,-0.7,0.0,48.7,9.7,12.21,0.30,30.87,2.62,1,1
67,37876576,11.6,11.49,11.08
,15.01,-15.1,-14.3,-1.2,-0.2,14.53,0.53,30.72,2.50,1,1

68,37902579,11.7,11.62,11.45,14.39,-19.7,-19.0,-14.5,-2.9,12.60,0.15,30.77,2.42,1,1
69,37928583,12.3,12.25,11.93,14.96,-26.5,-25.8,-22.7,-4.5,14.94,0.42,30.65,2.31,1,1
70,37954584,12.7,12.67,12.39,15.33,125.4,126.1,41.4,8.2,15.16,0.35,30.56,2.20,1,1
71,37980587,12.8,12.77,12.
73,14.77,-18.7,-18.0,32.3,6.4,12.92,-0.01,30.61,2.13,1,1

72,38006585,13.4,13.37,13.17,15.08,-50.1,-49.4,-41.0,-8.2,14.93,0.25,30.53,2.03,1,1
73,38032576,13.9,13.87,13.64,15.51,96.1,96.9,30.7,6.1,15.76,0.30,30.43,1.92,1,1
74,38058585,14.0,13.97,13.98,15.21,291.0,291.7,230.1,46.0,13.35,-0.08,30.44,1.85,1,1
75,38084587,14.
5,14.48,14.39,16.03,-32.7,-32.0,84.6,16.9,14.64,0.09,30.29,1.76,1,1

76,38110591,14.9,14.90,14.81,15.95,-73.9,-73.1,-65.9,-13.1,14.92,0.08,30.26,1.66,1,1
77,38136591,15.0,14.99,15.12,14.60,-8.0,-7.3,-24.5,-4.9,12.68,-0.23,30.42,1.61,1,1
78,38162599,15.2,15.17,15.38,13.45,133.7,134.5,67.4,13.4,11.49,-0.33,30.56,1.57,1,1
79,38188596,15.6,15.53
,15.67,13.58,313.0,313.7,242.1,48.4,12.00,-0.20,30.52,1.52,1,1

80,38214600,15.6,15.53,15.86,13.02,76.9,77.6,166.2,33.2,9.54,-0.51,30.58,1.49,1,1
81,38240601,15.7,15.65,16.02,11.93,19.2,19.9,65.4,13.0,8.57,-0.55,30.71,1.43,1,1
82,38266603,15.9,15.89,16.21,11.02,-53.4,-52.7,-32.4,-6.4,8.75,-0.43,30.80,1.36,1,1
83,38292603,
15.8,15.82,16.30,9.13,10.9,11.6,-37.8,-7.5,6.44,-0.67,31.05,1.33,1,1

84,38310955,15.8,15.81,16.54,9.29,195.8,196.6,123.6,24.7,5.10,-0.67,31.05,1.33,1,1
85,38338603,16.0,15.98,16.50,8.43,94.6,95.4,183.1,36.6,6.99,-0.74,31.12,1.25,1,1
86,38364606,15.8,15.76,16.42,6.40,-35.0,-34.3,-8.7,-1.7,2.57,-0.97,31.40,1.28,1,1
87,38390613,16.
0,15.96,16.44,5.41,-26.6,-25.9,-22.0,-4.4,3.59,-0.63,31.54,1.28,1,1

88,38416614,15.7,15.68,16.33,3.37,-33.6,-32.9,-28.8,-5.7,0.71,-0.90,31.83,1.32,1,1
89,38442613,15.6,15.59,16.20,1.77,28.8,29.6,-20.6,-4.1,-0.09,-0.82,32.06,1.36,1,1
90,38468614,15.6,15.59,16.10,1.14,126.6,127.4,120.0,24.0,-0.11,-0.66,32.16,1.40,1,1
91,38494617,15.4
,15.37,15.95,0.18,-34.1,-33.4,4.3,0.8,-1.73,-0.76,32.31,1.45,1,1

92,38520618,15.2,15.16,15.76,-1.21,-4.1,-3.3,-8.4,-1.6,-2.99,-0.78,32.53,1.52,1,1
93,38546607,15.3,15.26,15.65,-1.23,212.4,213.2,123.2,24.6,-1.65,-0.46,32.54,1.56,1,1
94,38572618,15.0,14.96,15.46,-1.33,417.1,417.8,359.3,60.0,-3.62,-0.66,32.58,1.63,1,1
95,38598621,14.
8,14.77,15.26,-1.32,36.9,37.7,167.6,33.5,-4.37,-0.67,32.60,1.70,1,1

96,38624621,14.9,14.90,15.18,-0.99,24.3,25.0,44.0,8.8,-2.52,-0.33,32.57,1.73,1,1
97,38650627,14.6,14.62,15.02,-1.80,32.3,33.0,34.2,6.8,-4.14,-0.53,32.70,1.79,1,1
98,38676614,14.4,14.43,14.83,-2.57,168.2,168.9,98.6,19.7,-4.80,-0.54,32.83,1.85,1,1
99,3870
2629,14.6,14.61,14.77,-1.54,67.8,68.5,135.3,27.0,-2.41,-0.16,32.69,1.88,1,1

100,38728635,14.4,14.40,14.66,-1.70,22.6,23.3,32.6,6.5,-3.55,-0.33,32.73,1.92,1,1
101,38754632,14.4,14.40,14.57,-1.61,201.1,201.9,111.4,22.2,-2.86,-0.21,32.73,1.95,1,1
102,38780639,14.6,14.60,14.59,-0.02,349.8,350.6,282.5,56.5,-0.72,0.05,32.51,1.94,1,1
103,38806632
,14.4,14.41,14.54,0.56,32.2,32.9,130.3,26.0,-2.07,-0.19,32.44,1.96,1,1

104,38825003,14.4,14.41,14.56,0.98,36.5,37.3,46.5,9.3,-1.62,-0.19,32.44,1.96,1,1
105,38852636,14.6,14.61,14.58,1.07,18.1,18.8,28.4,5.6,0.30,0.03,32.37,1.94,1,1
106,38878636,14.5,14.51,14.56,0.69,130.0,130.7,66.4,13.2,-0.60,-0.10,32.42,1.95,1,1
107,38904645,14.
8,14.79,14.65,1.81,30.6,31.3,71.5,14.3,1.69,0.20,32.26,1.92,1,1

108,38930649,14.6,14.58,14.64,1.33,7.8,8.6,19.8,3.9,-0.29,-0.12,32.32,1.92,1,1
109,38956645,14.8,14.77,14.70,1.62,25.3,26.0,9.4,1.8,1.24,0.09,32.28,1.90,1,1
110,38982651,15.1,15.07,14.86,2.74,21.0,21.7,23.8,4.7,3.31,0.32,32.11,1.84,1,1
111,39008648,15.0,14.98,14.93,
2.68,13.8,14.5,14.4,2.8,1.93,0.04,32.10,1.82,1,1

112,39034651,15.1,15.08,15.01,2.83,26.5,27.2,32.9,6.5,2.35,0.08,32.07,1.79,1,1
113,39060650,15.4,15.38,15.18,3.78,16.3,17.0,24.3,4.8,4.21,0.29,31.92,1.73,1,1
114,39086652,15.4,15.38,15.29,3.87,-0.5,0.2,14.5,2.9,3.35,0.10,31.90,1.69,1,1
115,39112651,15.6,15.58,15.44
,4.28,5.6,6.4,18.3,3.6,4.21,0.18,31.82,1.63,1,1

116,39138655,15.9,15.88,15.65,5.20,98.7,99.5,58.0,11.6,5.65,0.32,31.67,1.56,1,1
117,39164661,15.8,15.78,15.75,5.04,42.4,43.1,76.0,15.2,3.74,0.00,31.68,1.52,1,1
118,39190663,16.0,15.98,15.90,5.19,-24.1,-23.3,-8.2,-1.6,4.57,0.09,31.64,1.47,1,1
119,3921666
1,16.3,16.29,16.10,5.71,-12.9,-12.2,-19.2,-3.8,5.99,0.25,31.54,1.40,1,1

120,39242665,16.1,16.08,16.17,4.73,-11.9,-11.1,-0.5,-0.1,3.24,-0.16,31.67,1.37,1,1
121,39268666,16.3,16.28,16.28,4.54,-25.0,-24.3,-15.9,-3.1,4.10,0.00,31.68,1.33,1,1
122,39294668,16.6,16.58,16.46,5.09,27.3,28.1,11.1,2.2,5.60,0.18,31.58,1.27,1,1
123,39320666,1
6.4,16.39,16.50,4.48,247.8,248.5,165.4,33.0,2.96,-0.20,31.66,1.25,1,1

124,39346665,16.5,16.48,16.57,4.96,318.4,319.2,305.2,60.0,3.08,-0.15,31.58,1.23,1,1
125,39372670,16.7,16.66,16.68,5.77,-31.8,-31.1,82.4,16.4,3.90,-0.04,31.46,1.19,1,1
126,39398675,16.5,16.46,16.70,4.46,-42.1,-41.3,-22.2,-4.4,1.57,-0.37,31.63,1.18,1,1
127,39424664,1
6.7,16.67,16.77,4.03,-19.7,-18.9,-29.1,-5.8,2.88,-0.13,31.68,1.15,1,1

128,39450664,16.6,16.58,16.79,3.21,4.7,5.4,12.0,2.4,1.61,-0.29,31.79,1.15,1,1
129,39476679,16.4,16.38,16.72,1.94,-5.1,-4.3,15.0,3.0,-0.24,-0.48,31.97,1.17,1,1
130,39502684,16.5,16.48,16.70,1.44,-27.7,-26.9,-29.4,-5.8,0.53,-0.28,32.04,1.18,1,1
131,39528682,16.4,1
6.37,16.64,0.63,72.6,73.3,9.8,1.9,-0.41,-0.36,32.16,1.20,1,1

132,39554682,16.2,16.16,16.52,-0.18,192.0,192.7,140.0,28.0,-1.97,-0.50,32.29,1.25,1,1
133,39580682,16.2,16.15,16.43,-0.09,179.5,180.2,151.7,30.3,-1.61,-0.37,32.29,1.28,1,1
134,39606682,16.1,16.05,16.33,-0.01,133.6,134.4,182.4,36.4,-2.06,-0.38,32.29,1.31,1,1
135,39632684
,15.8,15.77,16.17,-0.91,-16.4,-15.7,32.5,6.5,-3.83,-0.57,32.43,1.37,1,1

136,39658675,15.9,15.89,16.10,-1.03,3.3,4.1,2.7,0.5,-2.14,-0.25,32.46,1.40,1,1
137,39684691,15.7,15.69,15.97,-1.43,238.3,239.1,176.1,35.2,-3.23,-0.38,32.53,1.44,1,1
138,39710693,15.4,15.38,15.78,-2.06,71.9,72.7,111.9,22.3,-4.94,-0.56,32.64,1.51,1,1
139,39736696,
15.5,15.48,15.69,-1.90,-1.9,-1.1,22.3,4.4,-3.21,-0.25,32.63,1.55,1,1

140,39762693,15.3,15.29,15.55,-2.42,14.6,15.4,18.1,3.6,-4.05,-0.34,32.72,1.59,1,1
141,39788699,15.1,15.11,15.39,-3.03,26.1,26.9,19.3,3.8,-4.63,-0.38,32.82,1.65,1,1
142,39814697,15.3,15.33,15.36,-2.06,123.1,123.9,106.4,21.2,-2.02,0.00,32.69,1.66,1,1
143,39833062,15.3,15.3
4,15.31,-1.58,32.9,33.6,63.0,12.6,-1.54,0.00,32.69,1.66,1,1

144,39860700,14.9,14.94,15.20,-1.89,37.9,38.7,40.0,8.0,-5.59,-0.34,32.69,1.72,1,1
145,39886705,15.1,15.13,15.19,-1.06,-6.6,-5.8,11.8,2.3,-1.97,-0.02,32.58,1.72,1,1
146,39912706,14.9,14.92,15.10,-1.39,32.0,32.8,28.9,5.7,-3.20,-0.24,32.63,1.76,1,1
147,39938707,15.1,1
5.11,15.11,-0.66,12.3,13.0,15.0,3.0,-1.10,0.03,32.53,1.75,1,1

148,39964710,15.1,15.10,15.12,-0.25,29.5,30.3,31.6,6.3,-0.91,0.00,32.48,1.75,1,1
149,39990697,15.0,15.01,15.08,-0.34,71.7,72.5,33.0,6.6,-1.43,-0.10,32.49,1.76,1,1
150,40016713,15.2,15.23,15.14,0.85,135.4,136.1,173.8,34.7,0.52,0.14,32.33,1.74,1,1
151,40042710,1
5.3,15.34,15.22,1.90,13.1,13.9,48.1,9.6,1.28,0.17,32.17,1.71,1,1

152,40068712,15.2,15.23,15.24,1.70,14.7,15.4,29.9,5.9,0.16,-0.04,32.20,1.71,1,1
153,40094713,15.5,15.50,15.36,2.37,-5.2,-4.4,0.8,0.1,2.20,0.20,32.09,1.67,1,1
154,40120716,15.7,15.67,15.49,3.00,-18.8,-18.1,-13.0,-2.6,3.05,0.24,31.99,1.62,1,1
155,40146722,15.6
,15.56,15.54,2.58,-31.6,-30.9,-16.5,-3.3,1.59,-0.01,32.04,1.60,1,1

156,40172724,15.8,15.77,15.66,2.85,-3.6,-2.8,-13.5,-2.7,2.90,0.15,31.99,1.56,1,1
157,40198723,15.9,15.88,15.77,3.16,-0.5,0.1,4.8,0.9,3.22,0.15,31.93,1.52,1,1
158,40224727,15.8,15.80,15.82,2.73,3.4,4.1,2.1,0.4,1.94,-0.05,31.98,1.50,1,1
159,40250726,16.1,16.10,15.96,3.33,
-18.7,-18.0,-15.1,-3.0,3.88,0.21,31.88,1.45,1,1

160,40276728,16.1,16.10,16.05,3.17,-55.6,-54.9,-42.8,-8.5,3.04,0.05,31.89,1.42,1,1
161,40302713,16.0,15.99,16.07,2.34,104.3,105.0,23.4,4.6,1.59,-0.14,32.00,1.41,1,1
162,40328728,16.3,16.28,16.18,3.40,308.8,309.6,239.8,47.9,3.53,0.14,31.84,1.37,1,1
163,4034
7098,16.3,16.29,16.29,4.77,276.3,277.1,273.1,54.6,2.90,0.14,31.84,1.37,1,1

164,40374732,16.1,16.10,16.27,4.65,128.0,128.7,184.1,36.8,1.15,-0.28,31.66,1.33,1,1
165,40400739,16.3,16.30,16.37,5.25,255.1,255.9,215.3,43.0,2.24,-0.10,31.57,1.30,1,1
166,40426738,16.2,16.20,16.39,4.91,-38.9,-38.2,56.6,11.3,1.00,-0.31,31.61,1.29,1,1
167,40452740,1
6.4,16.41,16.49,4.71,-39.8,-39.1,-28.1,-5.6,2.42,-0.11,31.63,1.26,1,1

168,40478744,16.3,16.32,16.52,3.73,-29.0,-28.3,-29.6,-5.9,1.25,-0.28,31.76,1.25,1,1
169,40504741,16.0,16.04,16.42,1.91,63.1,63.8,10.5,2.1,-1.20,-0.57,32.02,1.28,1,1
170,40530743,16.2,16.25,16.43,2.06,154.5,155.3,154.7,30.9,0.64,-0.23,31.99,1.28,1,1
171,40556743,16.0,16
.05,16.36,1.70,95.5,96.2,141.1,28.2,-0.95,-0.43,32.05,1.30,1,1

172,40582745,15.7,15.76,16.21,0.33,36.9,37.6,23.9,4.7,-2.99,-0.64,32.26,1.36,1,1
173,40608747,15.8,15.87,16.14,0.03,-15.8,-15.1,15.4,3.0,-1.53,-0.34,32.31,1.38,1,1
174,40634746,15.5,15.59,15.99,-1.16,-6.2,-5.5,-5.2,-1.0,-3.40,-0.54,32.49,1.44,1,1
175,40660757,15.2,15.30,15.
78,-2.61,6.0,6.8,7.7,1.5,-4.93,-0.65,32.71,1.51,1,1

176,40686757,15.4,15.51,15.70,-2.28,3.2,3.9,2.9,0.5,-2.36,-0.19,32.68,1.54,1,1
177,40712758,15.1,15.21,15.54,-2.98,8.3,9.0,1.2,0.2,-4.17,-0.43,32.79,1.60,1,1
178,40738760,14.8,14.92,15.32,-4.00,10.5,11.2,18.0,3.6,-5.58,-0.54,32.96,1.68,1,1
179,40764759,15.0,1
5.14,15.24,-3.31,9.9,10.6,13.4,2.6,-2.81,-0.07,32.87,1.71,1,1

180,40790758,14.8,14.95,15.12,-3.33,72.3,73.0,31.4,6.2,-3.70,-0.21,32.89,1.75,1,1
181,40816744,14.5,14.65,14.93,-3.74,238.4,239.1,172.7,34.5,-5.26,-0.39,32.97,1.82,1,1
182,40842759,14.7,14.84,14.87,-2.33,69.0,69.7,151.6,30.3,-2.76,-0.01,32.79,1.84,1,1
183,40861130,14.7,14.82
,14.82,-1.96,-33.1,-32.3,-1.0,-0.2,-2.34,-0.01,32.79,1.84,1,1

184,40888764,14.4,14.50,14.71,-2.38,13.7,14.5,3.1,0.6,-5.60,-0.27,32.81,1.90,1,1
185,40914768,14.5,14.58,14.66,-2.01,12.9,13.7,7.4,1.4,-2.85,-0.06,32.77,1.92,1,1
186,40940771,14.3,14.36,14.54,-2.32,80.9,81.7,85.9,17.1,-3.98,-0.25,32.83,1.96,1,1
187,40966775,14.5,14.55,14.
54,-1.36,-8.3,-7.6,25.7,5.1,-1.68,0.07,32.70,1.96,1,1

188,40992774,14.5,14.57,14.54,-0.88,-2.0,-1.3,-0.2,0.0,-1.25,0.06,32.63,1.96,1,1
189,41018761,14.2,14.28,14.43,-1.63,7.9,8.7,6.2,1.2,-3.23,-0.23,32.75,2.00,1,1
190,41044774,14.5,14.57,14.47,-0.65,25.0,25.8,41.1,8.2,-0.32,0.17,32.61,1.98,1,1
191,41070777,14.4,14.45,
14.45,-0.66,-59.5,-58.7,-50.8,-10.1,-1.18,0.00,32.62,1.99,1,1

192,41096776,14.3,14.33,14.40,-1.13,59.5,60.3,23.0,4.6,-1.85,-0.10,32.68,2.01,1,1
193,41122777,14.5,14.52,14.43,-0.45,-17.9,-17.2,-5.2,-1.0,-0.05,0.14,32.59,2.00,1,1
194,41148784,14.5,14.51,14.45,-0.19,-4.2,-3.4,-4.0,-0.8,-0.09,0.09,32.55,1.99,1,1
195,41174786,14.3,14
.31,14.39,-0.59,155.8,156.5,117.1,23.4,-1.61,-0.13,32.61,2.01,1,1

196,41200772,14.5,14.51,14.42,0.43,160.7,161.4,140.0,28.0,0.25,0.13,32.47,2.00,1,1
197,41226790,14.4,14.41,14.41,1.00,269.6,270.4,255.0,51.0,-0.58,-0.03,32.40,2.00,1,1
198,41252791,14.2,14.20,14.34,0.77,120.2,120.9,123.1,24.6,-2.08,-0.25,32.44,2.03,1,1
199,4
1278790,14.5,14.47,14.40,1.62,161.1,161.8,123.3,24.6,0.43,0.10,32.31,2.01,1,1

200,41304776,14.5,14.46,14.43,2.22,276.4,277.1,233.2,46.6,0.21,0.00,32.23,2.00,1,1
201,41330791,14.3,14.24,14.39,2.13,124.0,124.8,197.1,39.4,-1.50,-0.27,32.25,2.01,1,1
202,41356790,14.5,14.44,14.44,2.52,-35.8,-35.1,15.9,3.1,0.37,0.00,32.19,1.99,1,1
203,41382
794,14.4,14.36,14.45,1.89,-8.8,-8.1,-16.1,-3.2,-0.34,-0.14,32.27,1.99,1,1

204,41408799,14.2,14.17,14.38,0.78,3.1,3.8,6.7,1.3,-1.71,-0.32,32.43,2.02,1,1
HEIGHT_LOG_END