HEIGHT_LOG_BEGIN,count=226,fs=50
seq,time_us,tof_cm,height_cm,ekf_z_cm,ekf_vz_cm_s,acc_raw_cm_s2,acc_corrected_cm_s2,acc_lpf_cm_s2,acc_ekf_cm_s2,tof_diff_cm_s,innov_cm,throttle,target_vz_cm_s,tof_used,armed
0,459124894,7.9,7.90,7.95,0.00,-1.6,0.0,0.0,0.0,-0.63,-0.05,0.91,0.05,1,1

1,459143270,7.9,7.90,7.95,0.00,-1.3,0.3,0.0,0.0,-0.51,-0.05,1.82,0.11,1,1
2,459170907,8.1,8.10,7.96,0.00,-1.4,0.1,0.0,0.0,1.46,0.14,2.52,0.15,1,1
3,459196911,7.9,7.90,7.96,-0.01,1.4,3.0,0.0,0.0,-0.63,-0.05,3.43,0.21,1,1

4,459222912,8.1,8.10,7.96,0.00,0.5,2.2,0.0,0.0,1.02,0.14,4.34,0.26,1,1
5,459248915,7.9,7.90,7.96,-0.01,-3.9,-2.3,0.0,0.0,-0.72,-0.05,5.25,0.32,1,1
6,459274916,7.9,7.90,7.96,0.00,-0.5,1.0,0.0,0.0,-0.59,-0.05,6.16,0.37,1,1
7,459300919,8.1,8.10,7.96,0.01,95.8,9
7.4,0.0,0.0,1.07,0.14,7.07,0.43,1,1

8,459326900,7.9,7.90,7.96,-0.01,80.8,82.4,0.0,0.0,-0.69,-0.06,7.98,0.49,1,1
9,459352915,7.9,7.89,7.96,0.00,83.4,85.0,0.0,0.0,-0.59,-0.06,8.89,0.54,1,1
10,459378919,8.1,8.09,7.96,0.01,-12.6,-11.0,0.0,0.0,1.06,0.13,9.80,0.60,1,1
11,459404920,7.9,7.89,7.96,0.00,0.0,1.5
,0.0,0.0,-0.68,-0.06,10.71,0.66,1,1

12,459430924,7.9,7.89,7.96,0.00,1.3,3.0,0.0,0.0,-0.53,-0.06,11.62,0.71,1,1
13,459456928,8.1,8.09,7.96,0.01,4.2,5.8,0.0,0.0,1.11,0.13,12.53,0.77,1,1
14,459482927,7.9,7.89,7.96,0.00,-0.6,0.9,0.0,0.0,-0.66,-0.06,13.44,0.82,1,1
15,459508932,7.9,7.89,7.96,0.00,-3.1,-1.4
,0.0,0.0,-0.53,-0.06,14.35,0.88,1,1

16,459534934,8.1,8.09,7.96,0.01,-2.5,-0.9,0.0,0.0,1.11,0.13,15.26,0.94,1,1
17,459560933,7.9,7.89,7.96,0.00,-3.5,-1.9,0.0,0.0,-0.64,-0.06,16.17,0.99,1,1
18,459586933,7.9,7.89,7.96,0.00,-2.6,-1.0,0.0,0.0,-0.52,-0.06,17.08,1.05,1,1
19,459612931,8.1,8.09,7.96,0.01,-8.2
,-6.6,0.0,0.0,1.10,0.13,17.99,1.10,1,1

20,459638937,7.9,7.89,7.96,0.00,-4.5,-2.9,0.0,0.0,-0.65,-0.06,18.90,1.16,1,1
21,459664936,7.9,7.89,7.96,0.00,-5.9,-4.2,0.0,0.0,-0.52,-0.06,19.81,1.22,1,1
22,459690941,8.1,8.09,7.96,0.01,12.3,13.9,0.0,0.0,1.12,0.13,20.72,1.27,1,1
23,459716943,7.9,7.89,7.96,0.00,-
5.3,-3.7,0.0,0.0,-0.64,-0.06,21.63,1.33,1,1

24,459735310,7.9,7.89,7.96,0.00,0.1,1.7,0.0,0.0,-0.51,-0.06,22.54,1.39,1,1
25,459762948,8.1,8.09,7.96,0.00,-1.0,0.5,0.0,0.0,1.47,0.13,23.24,1.43,1,1
26,459788948,7.9,7.89,7.96,-0.01,2.7,4.3,0.0,0.0,-0.63,-0.06,24.15,1.48,1,1
27,459814946,8.1,8.09,7.96,0.00
,-3.9,-2.3,0.0,0.0,1.03,0.13,25.06,1.54,1,1

28,459840947,7.9,7.89,7.96,-0.01,-2.1,-0.5,0.0,0.0,-0.69,-0.06,25.97,1.60,1,1
29,459866947,7.9,7.89,7.96,0.00,0.7,2.3,0.0,0.0,-0.55,-0.06,26.88,1.65,1,1
30,459892948,8.1,8.09,7.96,0.01,-4.3,-2.7,0.0,0.0,1.09,0.13,27.79,1.71,1,1
31,459918953,7.9,7.89,7.96,0.00,
-15.5,-13.8,0.0,0.0,-0.66,-0.06,28.70,1.76,1,1

32,459944957,7.9,7.89,7.96,0.00,-2.1,-0.5,0.0,0.0,-0.51,-0.06,29.61,1.82,1,1
33,459970959,8.1,8.09,7.96,0.01,-10.3,-8.7,0.0,0.0,1.12,0.13,30.52,1.88,1,1
34,459996960,7.9,7.89,7.96,0.00,-9.4,-7.8,0.0,0.0,-0.64,-0.06,31.43,1.93,1,1
35,460022964,7.9,7.90,7.96,
0.00,-8.5,-6.9,0.0,0.0,-0.50,-0.06,32.34,1.99,1,1

36,460048963,8.1,8.10,7.96,0.01,11.7,13.3,0.0,0.0,1.14,0.13,32.36,2.05,1,1
37,460074960,7.9,7.90,7.96,0.00,-7.0,-5.4,0.0,0.0,-0.61,-0.06,32.39,2.10,1,1
38,460100965,7.9,7.90,7.96,0.00,-3.4,-1.8,0.0,0.0,-0.49,-0.06,32.40,2.16,1,1
39,460126964,8.1,8.10,7.
96,0.01,3.0,4.6,0.0,0.0,1.13,0.13,32.42,2.21,1,1

40,460152969,7.9,7.90,7.96,0.00,0.0,1.5,0.0,0.0,-0.63,-0.06,32.44,2.27,1,1
41,460178972,7.9,7.90,7.96,0.00,0.1,1.7,0.0,0.0,-0.50,-0.06,32.46,2.33,1,1
42,460204974,8.1,8.10,7.96,0.01,-2.4,-0.8,0.0,0.0,1.13,0.13,32.48,2.38,1,1
43,460230974,7.9,7.89,7.96,0.
00,1.5,3.1,0.0,0.0,-0.64,-0.06,32.50,2.44,1,1

44,460256978,7.9,7.89,7.96,0.00,-5.6,-4.0,0.0,0.0,-0.51,-0.06,32.52,2.50,1,1
45,460282977,8.1,8.09,7.96,0.01,3.1,4.7,0.0,0.0,1.11,0.13,32.54,2.55,1,1
46,460308979,7.9,7.89,7.96,0.00,6.3,7.9,0.0,0.0,-0.65,-0.06,32.56,2.61,1,1
47,460334976,8.1,8.09,7.96,0.00
,-5.1,-3.5,0.0,0.0,1.02,0.13,32.58,2.66,1,1

48,460360979,8.1,8.10,7.96,0.02,-10.2,-8.6,-1.2,-0.2,0.83,0.13,32.60,2.72,1,1
49,460386981,7.9,7.90,7.96,-0.06,-11.4,-9.8,-4.8,-0.9,-0.85,-0.06,32.63,2.78,1,1
50,460412987,8.1,8.10,7.97,0.00,-1.3,0.2,-4.3,-0.8,0.84,0.13,32.64,2.83,1,1
51,460438989,8.1,8.10,
7.99,0.06,29.0,30.6,7.5,1.5,0.70,0.12,32.65,2.88,1,1

52,460464992,7.9,7.90,7.97,-0.01,58.3,59.9,38.0,7.6,-0.97,-0.09,32.68,2.94,1,1
53,460490993,8.2,8.19,8.02,0.49,62.4,64.0,61.7,12.3,1.43,0.21,32.63,2.98,1,1
54,460516996,8.3,8.26,8.08,1.02,59.8,61.4,57.2,11.4,1.74,0.22,32.57,3.01,1,1
55,460542996,8.2,8.13,8.11,1.17,59.7,61.4,61.2,
12.2,0.34,0.01,32.57,3.06,1,1

56,460568991,8.6,8.49,8.23,1.98,140.9,142.6,101.0,20.2,3.06,0.34,32.46,3.07,1,1
57,460594997,9.0,8.86,8.43,3.34,55.7,57.3,107.5,21.5,5.31,0.57,32.28,3.06,1,1
58,460620997,9.0,8.85,8.59,4.07,93.3,95.0,107.3,21.4,4.15,0.32,32.18,3.05,1,1
59,460646999,9.4,9.24,8.83,5.09,
17.3,18.9,54.1,10.8,6.33,0.53,32.04,3.02,1,1

60,460673003,9.9,9.76,9.17,6.36,34.7,36.4,44.1,8.8,9.04,0.79,31.84,2.96,1,1
61,460699006,9.9,9.78,9.44,6.96,75.6,77.2,75.3,15.0,7.43,0.44,31.75,2.92,1,1
62,460725005,10.4,10.30,9.79,8.07,140.1,141.8,79.7,15.9,9.89,0.67,31.58,2.85,1,1
63,460751011,11.1,11.01,10.
27,9.99,72.5,74.1,124.0,24.8,13.41,1.00,31.29,2.73,1,1

64,460777006,11.2,11.12,10.66,10.84,22.0,23.6,49.3,9.8,11.55,0.58,31.14,2.65,1,1
65,460803007,11.8,11.72,11.13,11.86,10.7,12.3,29.0,5.8,13.84,0.77,30.97,2.53,1,1
66,460821374,11.8,11.72,11.44,12.00,16.7,18.3,24.9,4.9,11.09,0.77,30.99,2.59,1,1
67,460849009,12.7,12.62,11.93,13
.01,18.5,20.1,18.2,3.6,20.53,0.93,30.78,2.43,1,1

68,460875014,13.3,13.21,12.52,14.13,13.9,15.5,19.6,3.9,17.20,0.94,30.55,2.22,1,1
69,460901014,13.5,13.40,12.99,14.38,19.1,20.7,1.7,0.3,15.16,0.50,30.46,2.07,1,1
70,460927020,14.2,14.08,13.54,15.18,50.2,51.8,23.7,4.7,17.38,0.71,30.30,1.93,1,1
71,460953021,
14.9,14.77,14.15,16.38,19.4,21.0,56.9,11.3,19.23,0.83,30.07,1.77,1,1

72,460979022,15.1,14.97,14.65,16.62,-28.1,-26.5,3.0,0.6,16.91,0.38,29.99,1.64,1,1
73,461005025,15.6,15.47,15.17,16.75,-53.3,-51.7,-31.4,-6.2,17.40,0.38,29.92,1.52,1,1
74,461031024,16.3,16.17,15.74,17.20,-32.8,-31.1,-39.3,-7.8,19.28,0.57,29.80,1.36,1,1
75,461057024
,16.4,16.27,16.18,16.72,-58.6,-57.0,-45.9,-9.1,16.17,0.08,29.82,1.26,1,1

76,461083025,16.8,16.67,16.61,16.27,-67.9,-66.3,-59.0,-11.8,16.03,0.05,29.84,1.16,1,1
77,461109028,17.3,17.18,17.06,16.05,-69.2,-67.6,-66.6,-13.3,16.71,0.14,29.82,1.05,1,1
78,461135026,17.3,17.18,17.38,15.01,-76.2,-74.6,-71.1,-14.2,13.40,-0.29,29.91,0.94,1,1
7
9,461161034,17.7,17.58,17.71,14.29,-92.8,-91.2,-89.6,-17.9,13.83,-0.17,29.96,0.82,1,1

80,461187037,17.9,17.80,18.00,13.41,-67.3,-65.6,-84.5,-16.9,12.69,-0.28,30.04,0.71,1,1
81,461213039,17.8,17.72,18.17,11.99,-59.7,-58.1,-72.3,-14.4,9.54,-0.62,30.22,0.65,1,1
82,461239036,18.0,17.94,18.34,10.97,-40.6,-39.0,-52.3,-10.4,9.37,-0.53,30.33,0.59,1,1
83,461265040,18.1
,18.06,18.48,10.04,-38.7,-37.0,-42.3,-8.4,8.40,-0.55,30.44,0.54,1,1

84,461291038,17.9,17.86,18.50,8.58,-40.8,-39.2,-38.6,-7.7,5.18,-0.87,30.64,0.53,1,1
85,461317035,18.1,18.05,18.55,7.70,-8.1,-6.5,-16.8,-3.3,5.63,-0.66,30.76,0.51,1,1
86,461343040,18.0,17.95,18.55,6.83,256.0,257.6,119.5,23.9,3.72,-0.80,30.88,0.52,1,1
87,461369043,1
7.7,17.66,18.44,6.20,320.6,322.3,263.7,52.7,0.76,-1.07,30.98,0.55,1,1

88,461395033,17.8,17.77,18.39,6.38,239.4,241.1,255.9,51.1,1.45,-0.84,30.96,0.57,1,1
89,461421049,17.5,17.48,18.27,5.89,10.3,11.9,167.5,33.5,-1.06,-1.09,31.05,0.62,1,1
90,461447049,17.2,17.18,18.09,4.43,-36.4,-34.8,19.3,3.8,-3.17,-1.25,31.28,0.68,1,1
91,461473054,1
7.3,17.26,17.96,3.28,47.3,48.9,0.4,0.0,-1.92,-0.93,31.45,0.73,1,1

92,461499054,17.0,16.94,17.76,2.04,198.5,200.1,107.5,21.5,-3.97,-1.10,31.65,0.80,1,1
93,461525055,16.7,16.64,17.51,1.06,-5.9,-4.3,87.1,17.4,-5.51,-1.17,31.82,0.89,1,1
94,461551051,16.7,16.66,17.32,0.32,42.8,44.4,17.5,3.5,-4.30,-0.88,31.94,0.96,1,1
95,461577040
,16.4,16.36,17.09,-0.53,246.3,247.9,137.4,27.4,-5.68,-0.96,32.09,1.04,1,1

96,461603060,16.0,15.98,16.79,-1.16,34.1,35.7,139.4,27.8,-7.47,-1.10,32.21,1.15,1,1
97,461629058,16.0,15.99,16.58,-1.56,5.2,6.8,44.3,8.8,-5.95,-0.78,32.29,1.23,1,1
98,461655065,15.7,15.68,16.32,-2.41,9.8,11.4,22.1,4.4,-7.09,-0.85,32.44,1.32,1,1
99,461681068,15.
3,15.28,16.01,-3.57,19.6,21.2,17.0,3.4,-8.80,-0.98,32.64,1.43,1,1

100,461707066,15.4,15.38,15.80,-3.80,24.7,26.3,30.8,6.1,-6.26,-0.53,32.70,1.51,1,1
101,461733069,15.1,15.09,15.55,-4.26,27.4,29.0,26.2,5.2,-7.26,-0.61,32.79,1.59,1,1
102,461759069,14.9,14.89,15.31,-4.58,49.5,51.1,57.1,11.4,-7.30,-0.55,32.86,1.68,1,1
103,461785066,15.
0,15.00,15.17,-4.21,41.2,42.8,49.9,9.9,-4.98,-0.19,32.83,1.73,1,1

104,461811069,14.6,14.61,14.95,-4.46,56.8,58.5,56.8,11.3,-6.97,-0.45,32.89,1.81,1,1
105,461837070,14.5,14.52,14.76,-4.45,44.8,46.5,61.0,12.2,-6.32,-0.32,32.91,1.88,1,1
106,461863074,14.8,14.81,14.72,-3.62,34.4,36.1,40.8,8.1,-2.81,0.15,32.80,1.89,1,1
107,461889078,1
4.5,14.50,14.59,-3.53,54.2,55.9,47.5,9.5,-4.66,-0.12,32.81,1.94,1,1

108,461915081,14.8,14.78,14.59,-2.68,37.3,38.9,44.6,8.9,-1.57,0.27,32.69,1.94,1,1
109,461941086,14.9,14.86,14.62,-1.87,20.8,22.4,31.6,6.3,-0.62,0.33,32.58,1.93,1,1
110,461967083,14.7,14.65,14.59,-1.74,8.3,9.9,13.9,2.7,-2.13,0.06,32.57,1.94,1,1
111,46199
3088,15.0,14.95,14.66,-1.01,18.4,20.0,17.6,3.5,0.58,0.39,32.46,1.92,1,1

112,462019087,15.0,14.95,14.72,-0.50,27.1,28.7,17.8,3.5,0.49,0.31,32.38,1.90,1,1
113,462045085,14.9,14.86,14.74,-0.33,6.8,8.4,15.2,3.0,-0.31,0.15,32.36,1.89,1,1
114,462071089,15.2,15.16,14.85,0.36,7.7,9.3,8.1,1.6,2.11,0.43,32.25,1.85,1,1
115,462097087,15.4,15.3
6,14.99,1.08,-3.9,-2.2,-6.7,-1.3,3.21,0.50,32.13,1.80,1,1

116,462123088,15.3,15.26,15.07,1.35,202.7,204.3,87.0,17.4,1.78,0.23,32.09,1.77,1,1
117,462149095,15.5,15.46,15.20,2.22,11.6,13.2,78.7,15.7,2.99,0.34,31.96,1.72,1,1
118,462175098,15.7,15.68,15.36,2.94,-7.7,-6.1,24.2,4.8,4.03,0.41,31.84,1.66,1,1
119,462201100,15.
6,15.58,15.46,2.96,-4.8,-3.2,11.2,2.2,2.50,0.14,31.82,1.63,1,1

120,462227097,15.9,15.87,15.62,3.37,-1.3,0.2,6.9,1.3,4.24,0.33,31.75,1.57,1,1
121,462253100,16.0,15.95,15.76,3.56,-16.6,-15.0,-8.7,-1.7,4.00,0.24,31.70,1.52,1,1
122,462279100,15.9,15.83,15.83,3.16,-56.4,-54.8,-38.1,-7.6,2.26,-0.02,31.75,1.49,1,1
123,462305099,16.1,16.02,15
.93,3.03,-34.8,-33.2,-38.6,-7.7,3.24,0.10,31.75,1.46,1,1

124,462331106,16.3,16.22,16.07,3.26,92.0,93.6,43.2,8.6,4.14,0.20,31.70,1.41,1,1
125,462357102,16.0,15.93,16.08,2.90,-24.7,-23.0,20.8,4.1,1.10,-0.22,31.75,1.41,1,1
126,462383105,16.2,16.15,16.15,2.87,-17.2,-15.5,-3.6,-0.7,2.55,0.00,31.74,1.38,1,1
127,462409111,1
6.0,15.96,16.14,2.31,-9.5,-7.9,-9.4,-1.8,0.62,-0.25,31.82,1.38,1,1

128,462435112,16.0,15.97,16.13,1.91,94.1,95.7,26.5,5.3,0.56,-0.22,31.88,1.38,1,1
129,462461114,16.2,16.18,16.19,2.41,286.6,288.2,183.4,36.6,2.02,-0.01,31.80,1.37,1,1
130,462487104,16.0,15.98,16.17,2.95,307.1,308.7,274.5,54.9,0.10,-0.28,31.73,1.37,1,1
131,462513119,
16.0,15.98,16.17,3.55,6.4,8.0,161.4,32.2,0.09,-0.28,31.65,1.37,1,1

132,462539115,16.2,16.18,16.24,3.80,35.3,36.9,57.2,11.4,1.57,-0.09,31.61,1.35,1,1
133,462565118,15.9,15.87,16.19,3.07,-19.6,-18.0,21.1,4.2,-1.12,-0.47,31.71,1.36,1,1
134,462591118,15.9,15.86,16.15,2.38,-29.1,-27.5,-11.3,-2.2,-0.97,-0.41,31.81,1.38,1,1
135,46261711
9,16.1,16.05,16.17,2.14,-27.3,-25.7,-20.5,-4.1,0.69,-0.16,31.84,1.37,1,1

136,462643125,15.8,15.75,16.09,1.27,-23.7,-22.1,-21.0,-4.2,-1.76,-0.48,31.97,1.40,1,1
137,462669129,15.6,15.55,15.97,0.32,-8.7,-7.1,-15.7,-3.1,-2.90,-0.57,32.11,1.44,1,1
138,462695130,15.7,15.66,15.90,0.00,0.1,1.7,-5.7,-1.1,-1.46,-0.31,32.17,1.47,1,1
139,462721
130,15.4,15.38,15.77,-0.71,7.3,8.9,4.8,0.9,-3.34,-0.52,32.28,1.52,1,1

140,462747135,15.3,15.30,15.63,-1.23,5.8,7.4,-3.2,-0.6,-3.30,-0.44,32.37,1.56,1,1
141,462773131,15.4,15.41,15.57,-1.23,20.4,22.0,11.8,2.3,-1.77,-0.19,32.38,1.59,1,1
142,462799131,15.1,15.11,15.43,-1.72,16.5,18.2,7.2,1.4,-3.72,-0.42,32.46,1.64,1,1
143,4628251
32,15.0,15.01,15.29,-2.07,7.9,9.5,19.6,3.9,-3.79,-0.37,32.53,1.69,1,1

144,462851137,15.1,15.10,15.22,-1.94,20.4,22.1,20.8,4.1,-2.28,-0.13,32.52,1.72,1,1
145,462877136,14.9,14.91,15.10,-2.03,63.1,64.7,62.4,12.4,-3.33,-0.25,32.54,1.76,1,1
146,462903142,15.1,15.11,15.08,-1.47,17.0,18.7,34.6,6.9,-1.09,0.05,32.47,1.76,1,1
147,462929142,1
5.0,15.01,15.04,-1.29,15.6,17.2,27.1,5.4,-1.64,-0.03,32.45,1.78,1,1

148,462955146,14.9,14.91,14.98,-1.34,-3.2,-1.6,5.1,1.0,-2.12,-0.10,32.46,1.80,1,1
149,462981148,15.0,15.00,14.97,-1.11,84.0,85.6,38.7,7.7,-0.97,0.05,32.44,1.80,1,1
150,463007137,15.1,15.10,14.99,-0.53,115.7,117.4,77.9,15.5,-0.06,0.15,32.35,1.80,1,1
151,463033147,15
.0,14.98,14.97,0.00,276.3,277.9,192.7,38.5,-0.92,0.00,32.28,1.80,1,1

152,463059148,15.2,15.17,15.03,1.17,9.3,10.9,137.6,27.5,0.74,0.18,32.12,1.78,1,1
153,463085139,15.2,15.18,15.09,1.72,202.9,204.5,130.9,26.1,0.62,0.10,32.04,1.76,1,1
154,463111150,15.1,15.08,15.10,2.13,43.0,44.6,133.4,26.6,-0.26,-0.06,31.98,1.76,1,1
155,463137157,
15.3,15.27,15.18,2.53,-23.2,-21.6,28.0,5.6,1.25,0.10,31.91,1.73,1,1

156,463163159,15.4,15.35,15.27,2.63,4.5,6.1,9.4,1.8,1.64,0.10,31.89,1.70,1,1
157,463189163,15.2,15.13,15.26,2.11,-7.3,-5.7,0.6,0.1,-0.36,-0.20,31.96,1.70,1,1
158,463215159,15.6,15.52,15.38,2.40,-21.2,-19.6,-16.2,-3.2,2.67,0.20,31.91,1.66,1,1
159,463241150,15.7,15.
61,15.49,2.62,128.3,129.9,35.5,7.1,2.84,0.17,31.86,1.62,1,1

160,463267162,15.4,15.30,15.47,2.56,236.9,238.5,194.2,38.8,-0.09,-0.25,31.87,1.62,1,1
161,463293161,15.7,15.60,15.56,3.60,269.4,271.0,237.5,47.5,2.23,0.05,31.72,1.59,1,1
162,463319166,15.8,15.72,15.66,4.52,66.1,67.7,135.6,27.1,2.65,0.05,31.58,1.55,1,1
163,463345163,15.5,1
5.43,15.66,4.15,-0.8,0.7,68.2,13.6,-0.10,-0.36,31.63,1.55,1,1

164,463371168,15.8,15.72,15.75,4.20,73.3,74.9,41.5,8.3,2.19,-0.05,31.62,1.52,1,1
165,463397175,15.6,15.52,15.75,3.69,9.5,11.1,36.2,7.2,0.17,-0.34,31.68,1.52,1,1
166,463423175,15.5,15.42,15.72,3.00,-15.6,-14.0,4.6,0.9,-0.58,-0.42,31.78,1.53,1,1
167,463449174,15.8,15.74
,15.79,2.99,-12.5,-10.9,-9.1,-1.8,1.99,-0.05,31.77,1.51,1,1

168,463475176,15.5,15.46,15.75,2.32,177.7,179.3,53.1,10.6,-0.59,-0.41,31.87,1.52,1,1
169,463501179,15.5,15.46,15.72,2.27,189.6,191.2,138.3,27.6,-0.46,-0.35,31.88,1.53,1,1
170,463527180,15.6,15.54,15.72,2.67,53.7,55.3,132.1,26.4,0.26,-0.24,31.83,1.53,1,1
171,4635531
78,15.4,15.33,15.66,2.25,-35.3,-33.7,18.4,3.6,-1.44,-0.46,31.89,1.56,1,1

172,463579180,15.3,15.23,15.58,1.48,-15.4,-13.8,-8.7,-1.7,-1.93,-0.49,32.01,1.58,1,1
173,463605181,15.3,15.24,15.52,0.95,-13.3,-11.7,-9.6,-1.9,-1.45,-0.38,32.09,1.61,1,1
174,463631187,15.1,15.05,15.41,0.22,-14.1,-12.5,-8.5,-1.7,-2.59,-0.49,32.20,1.64,1,1
175
,463657190,14.9,14.86,15.27,-0.64,-2.7,-1.1,-33.3,-6.6,-3.55,-0.55,32.33,1.70,1,1

176,463683192,15.0,14.95,15.19,-0.80,136.1,137.7,79.1,15.8,-2.11,-0.29,32.37,1.73,1,1
177,463709192,14.7,14.65,15.03,-1.14,61.0,62.6,69.8,13.9,-4.07,-0.52,32.43,1.78,1,1
178,463735191,14.5,14.44,14.85,-1.62,109.0,110.6,64.9,12.9,-4.83,-0.56,32.52,1.85,1,1
17
9,463761194,14.6,14.56,14.76,-1.38,25.1,26.7,80.8,16.1,-2.98,-0.26,32.50,1.88,1,1

180,463787194,14.4,14.38,14.64,-1.51,21.3,23.0,38.4,7.6,-3.75,-0.34,32.53,1.92,1,1
181,463805561,14.4,14.39,14.60,-1.34,23.5,25.1,28.9,5.7,-2.92,-0.34,32.53,1.92,1,1
182,463833194,14.4,14.38,14.52,-1.48,6.6,8.2,14.6,2.9,-3.13,-0.19,32.54,1.97,1,1
183,46
3859196,14.1,14.06,14.35,-2.09,88.5,90.1,35.0,7.0,-4.34,-0.41,32.64,2.03,1,1

184,463885204,14.3,14.25,14.30,-1.60,92.2,93.8,121.8,24.3,-2.01,-0.04,32.58,2.05,1,1
185,463911204,14.1,14.05,14.20,-1.36,262.4,264.0,158.8,31.7,-3.20,-0.21,32.56,2.08,1,1
186,463937191,14.0,13.94,14.10,-0.69,389.2,390.8,313.5,60.0,-3.36,-0.23,32.49,2.12,1,1
187,
463963208,14.2,14.14,14.10,0.78,249.7,251.3,324.0,60.0,-1.15,0.04,32.29,2.12,1,1

188,463989211,13.9,13.86,14.04,1.08,-58.5,-56.9,65.9,13.1,-3.10,-0.28,32.26,2.14,1,1
189,464015207,13.8,13.78,13.97,0.62,28.0,29.6,30.3,6.0,-3.12,-0.29,32.33,2.16,1,1
190,464041210,14.1,14.08,14.02,0.90,10.7,12.3,17.6,3.5,-0.15,0.09,32.28,2.15,1,1
191,464067210,13.8,13.7
7,13.96,0.40,1.7,3.4,7.9,1.5,-2.50,-0.27,32.36,2.17,1,1

192,464093197,13.9,13.86,13.94,0.28,68.4,70.0,30.7,6.1,-1.32,-0.10,32.38,2.18,1,1
193,464119217,14.0,13.95,13.95,0.74,284.9,286.5,175.6,35.1,-0.33,0.00,32.31,2.17,1,1
194,464145219,13.8,13.76,13.91,1.39,364.7,366.3,295.1,59.0,-1.75,-0.22,32.23,2.19,1,1
195
,464171221,13.8,13.77,13.89,2.33,82.7,84.3,238.1,47.6,-1.31,-0.19,32.11,2.19,1,1

196,464197220,14.1,14.08,13.99,3.28,84.1,85.7,138.5,27.7,1.27,0.11,31.97,2.16,1,1
197,464223223,14.0,13.96,14.03,3.36,3.7,5.3,58.1,11.6,0.11,-0.12,31.95,2.14,1,1
198,464249224,14.1,14.03,14.08,3.21,-16.4,-14.8,1.1,0.2,0.65,-0.08,31.96,2.12,1,1
199,464275222,14.4,14.31,14.20,3.40,-
8.1,-6.5,-8.1,-1.6,2.64,0.14,31.92,2.08,1,1

200,464301224,14.2,14.10,14.23,2.91,49.7,51.3,7.3,1.4,0.53,-0.19,31.99,2.07,1,1
201,464327227,14.3,14.21,14.28,2.76,-23.9,-22.3,-5.0,-1.0,1.28,-0.09,32.00,2.05,1,1
202,464353229,14.5,14.42,14.37,2.91,4.5,6.1,1.3,0.2,2.65,0.07,31.97,2.02,1,1
203,464379236,14.4,
14.33,14.41,2.67,-1.3,0.2,-0.7,-0.1,1.39,-0.11,32.00,2.01,1,1

204,464405234,14.6,14.52,14.49,2.78,-0.4,1.1,0.6,0.1,2.60,0.04,31.97,1.98,1,1
205,464431239,14.7,14.60,14.58,2.84,-12.4,-10.8,-7.4,-1.4,2.72,0.03,31.95,1.94,1,1
206,464457238,14.5,14.38,14.57,2.29,0.2,1.9,-0.3,0.0,0.45,-0.27,32.03,1.95,1,1
207,464483239,14.
8,14.67,14.65,2.41,-24.3,-22.7,-9.0,-1.8,2.55,0.03,32.00,1.92,1,1

208,464509238,14.8,14.67,14.70,2.40,29.8,31.4,23.3,4.6,2.09,-0.03,31.99,1.90,1,1
209,464535237,14.6,14.49,14.68,2.04,6.1,7.8,22.9,4.5,0.30,-0.26,32.05,1.91,1,1
210,464561241,14.8,14.71,14.74,2.17,43.9,45.5,25.5,5.1,1.93,-0.02,32.02,1.89,1,1
211,464587243,14.9,14.82,14.80,2
.50,90.1,91.7,65.0,13.0,2.37,0.02,31.97,1.86,1,1

212,464613247,14.7,14.62,14.79,2.49,259.3,260.9,172.4,34.4,0.31,-0.26,31.97,1.87,1,1
213,464639250,15.0,14.90,14.88,3.25,-42.4,-40.8,69.5,13.9,2.45,0.03,31.86,1.84,1,1
214,464665251,15.0,14.90,14.94,3.20,-14.1,-12.4,-9.0,-1.8,1.95,-0.06,31.86,1.81,1,1
2
15,464691240,14.8,14.70,14.93,2.51,26.8,28.4,-5.4,-1.0,0.04,-0.31,31.95,1.82,1,1

216,464717254,15.0,14.90,14.97,2.79,398.9,400.5,226.9,45.3,1.55,-0.09,31.91,1.81,1,1
217,464743254,15.0,14.90,15.00,3.63,10.3,11.9,170.6,34.1,1.20,-0.15,31.79,1.79,1,1
218,464769257,14.8,14.70,14.98,3.29,-9.6,-8.0,40.9,8.1,-0.57,-0.40,31.84,1.80,1,1
219
,464795256,15.1,15.00,15.05,3.33,-4.9,-3.3,12.2,2.4,1.87,-0.06,31.82,1.78,1,1

220,464821258,15.0,14.91,15.07,2.94,-16.0,-14.4,-10.7,-2.1,0.77,-0.22,31.88,1.77,1,1
221,464847245,14.8,14.71,15.02,2.15,-12.6,-11.0,-7.8,-1.5,-0.87,-0.43,31.99,1.79,1,1
222,464873250,15.0,14.92,15.04,2.14,215.7,217.4,101.3,20.2,0.90,-0.15,31.99,1.78,1,1
223,464899
265,14.8,14.72,14.99,2.30,305.1,306.7,227.1,45.4,-0.78,-0.37,31.97,1.80,1,1

224,464925269,14.7,14.61,14.93,2.65,135.7,137.3,211.5,42.3,-1.51,-0.45,31.93,1.82,1,1
225,464951272,14.9,14.81,14.95,3.09,-21.0,-19.4,74.4,14.8,0.33,-0.20,31.87,1.81,1,1
HEIGHT_LOG_END